1 1
1 163
1 163
1 971
2 211
2 1026
2 2
2 239
2 739
3 487
3 132
3 431
3 2
3 239
4 644
4 488
4 611
4 624
4 633
4 1476
4 1477
4 435
4 694
4 2
5 2
5 239
5 435
5 1133
6 239
6 8
6 44
6 2
7 2
7 163
7 163
7 971
8 2
8 690
8 1618
8 1610
8 669
9 2
9 370
9 428
9 542
9 1587
9 838
9 619
9 740
10 218
10 216
10 2
10 606
10 657
10 349
11 902
11 463
11 463
11 106
11 454
11 453
11 2
11 475
11 600
11 1606
11 837
11 1051
11 1141
11 211
11 1026
11 739
11 153
11 153
12 1305
12 220
12 2
12 1085
13 3
13 15
13 75
13 76
13 89
13 440
14 116
14 114
14 3
14 739
14 447
15 182
15 182
15 4
15 1749
16 87
16 426
16 487
16 1583
16 4
17 163
17 163
17 971
17 4
18 1001
18 4
18 280
18 156
18 156
19 5
19 1349
19 87
19 426
20 254
20 471
20 475
20 569
20 4
20 231
20 979
21 163
21 163
21 971
21 4
22 1516
22 896
22 349
22 4
23 256
23 133
23 54
23 4
23 8
23 81
24 196
24 4
24 163
24 163
24 408
24 971
25 8
25 8
25 81
25 81
25 392
25 6
26 172
26 172
26 239
26 7
26 1738
27 163
27 163
27 971
27 8
27 81
28 95
28 8
28 81
28 528
29 44
29 8
29 296
29 217
29 68
30 281
30 1224
30 277
30 8
30 81
30 205
31 8
31 81
31 239
31 44
32 163
32 163
32 971
32 8
33 1228
33 8
33 81
34 8
34 81
34 163
34 163
34 971
35 206
35 56
35 206
35 8
35 81
36 163
36 163
36 971
36 8
36 81
37 8
37 81
37 351
37 670
37 739
37 447
38 1044
38 1370
38 991
38 9
38 1719
39 216
39 216
39 286
39 438
39 475
39 1388
39 9
39 560
39 1709
39 330
39 211
39 1026
39 208
39 739
39 739
39 258
39 739
40 1325
40 9
40 821
40 151
41 9
41 739
41 153
41 153
42 9
42 120
42 193
42 387
42 739
42 153
42 153
43 10
43 19
43 31
43 10
43 31
43 52
43 1205
43 86
44 10
44 356
44 546
44 670
44 663
44 1109
44 1109
45 11
45 1175
45 1176
45 1177
45 194
46 12
46 163
46 163
46 971
46 193
47 12
47 739
47 739
47 232
48 41
48 41
48 31
48 13
48 1081
48 1076
48 48
48 156
48 156
49 14
49 160
49 160
49 235
50 14
50 160
50 160
50 235
50 1268
51 14
51 160
51 160
51 235
52 14
52 160
52 160
52 235
53 14
53 160
53 160
53 235
54 14
54 160
54 160
54 235
54 1258
55 14
55 160
55 160
55 235
56 14
56 160
56 160
56 235
57 14
57 100
57 160
57 160
57 235
57 100
58 14
58 160
58 160
58 235
59 14
59 128
59 160
59 160
59 235
60 14
60 128
60 160
60 160
60 235
61 14
61 128
61 160
61 160
61 235
62 14
62 128
62 160
62 160
62 235
63 14
63 128
63 160
63 160
64 14
64 128
64 160
64 160
65 14
65 128
65 160
65 160
65 235
66 14
66 128
66 160
66 160
66 235
66 1548
67 14
67 128
67 160
67 160
67 235
68 14
68 128
68 128
68 160
68 160
68 160
68 160
68 235
68 57
68 79
69 14
69 128
69 160
69 160
69 235
70 14
70 128
70 160
70 160
70 235
71 14
71 128
71 160
71 160
71 235
72 14
72 128
72 160
72 160
72 235
73 14
73 128
73 160
73 160
73 235
74 14
74 128
74 160
74 160
75 14
75 128
75 160
75 160
76 14
76 128
76 160
76 160
77 14
77 128
77 160
77 160
78 14
78 128
78 160
78 160
79 14
79 128
79 160
79 160
79 235
80 14
80 128
80 160
80 160
80 235
81 14
81 128
81 160
81 160
81 235
82 14
82 128
82 160
82 160
83 14
83 128
83 160
83 160
83 235
84 14
84 128
84 160
84 160
85 14
85 128
85 160
85 160
86 14
86 128
86 160
86 160
87 14
87 128
87 160
87 160
88 14
88 128
88 160
88 160
89 14
89 128
89 160
89 160
89 235
90 14
90 128
90 160
90 160
91 14
91 128
91 160
91 160
91 235
91 535
92 14
92 128
92 160
92 160
92 235
93 14
93 128
93 160
93 160
93 235
94 14
94 128
94 160
94 160
94 235
95 14
95 128
95 160
95 160
95 235
96 14
96 128
96 160
96 160
96 235
96 1647
97 14
97 128
97 160
97 160
97 235
97 535
98 14
98 235
98 1398
99 14
99 128
99 160
99 160
99 235
100 14
100 128
100 160
100 160
100 235
100 1334
101 14
101 128
101 160
101 160
101 235
102 14
102 128
102 160
102 160
102 235
103 14
103 128
103 160
103 160
103 235
104 14
104 128
104 160
104 160
104 235
105 14
105 128
105 160
105 160
105 235
105 1334
106 14
106 128
106 160
106 160
106 235
107 14
107 128
107 160
107 160
107 235
108 14
108 128
108 160
108 160
108 235
109 14
109 128
109 160
109 160
109 235
110 14
110 128
110 235
110 1421
111 14
111 128
111 160
111 160
111 235
112 14
112 128
112 160
112 160
112 235
113 1090
113 14
113 128
113 160
113 160
113 235
114 14
114 128
114 160
114 160
114 235
114 1547
115 14
115 128
115 160
115 160
115 235
116 14
116 128
116 160
116 160
116 235
117 14
117 128
117 160
117 160
117 235
117 1455
118 14
118 128
118 160
118 160
118 235
119 14
119 128
119 160
119 160
119 235
119 685
120 14
120 128
120 160
120 160
120 235
120 1647
121 14
121 128
121 160
121 160
121 235
121 1726
122 14
122 128
122 160
122 160
122 235
122 1506
123 14
123 128
123 160
123 160
123 235
123 304
124 14
124 128
124 160
124 160
124 235
125 14
125 128
125 160
125 160
125 235
125 1547
126 14
126 128
126 160
126 160
126 235
126 1726
126 1315
127 14
127 128
127 160
127 160
127 235
127 1433
128 14
128 128
128 160
128 160
128 235
129 14
129 128
129 160
129 160
129 235
130 14
130 128
130 160
130 160
130 235
130 1506
131 14
131 128
131 160
131 160
131 235
131 1647
132 14
132 128
132 160
132 160
132 235
132 535
133 14
133 128
133 160
133 160
133 235
133 1329
134 14
134 128
134 160
134 160
134 235
135 14
135 128
135 160
135 160
135 235
135 1420
136 14
136 128
136 160
136 160
136 235
136 1506
137 14
137 128
137 160
137 160
137 235
138 14
138 128
138 160
138 160
138 235
139 14
139 235
139 1398
139 236
140 14
140 128
140 160
140 160
140 235
140 739
141 14
141 128
141 160
141 160
141 235
142 14
142 128
142 160
142 160
142 235
142 1433
143 14
143 128
143 160
143 160
143 235
143 1352
144 14
144 128
144 160
144 160
144 235
145 14
145 128
145 160
145 160
145 235
145 1548
146 14
146 128
146 160
146 160
146 235
147 14
147 128
147 160
147 160
147 235
148 14
148 128
148 160
148 160
149 14
149 128
149 160
149 160
149 235
149 940
150 14
150 128
150 160
150 160
150 235
151 14
151 128
151 160
151 160
151 235
152 14
152 128
152 160
152 160
152 235
153 14
153 128
153 160
153 160
153 235
153 1547
154 14
154 128
154 160
154 160
154 235
155 14
155 128
155 160
155 160
155 235
156 14
156 128
156 160
156 160
156 235
157 14
157 128
157 160
157 160
157 235
157 1271
158 14
158 128
158 160
158 160
158 235
159 14
159 128
159 160
159 160
159 235
159 1506
160 14
160 128
160 160
160 160
160 235
161 14
161 128
161 160
161 160
161 235
162 14
162 128
162 160
162 160
162 235
163 14
163 128
163 160
163 160
163 235
164 14
164 128
164 160
164 160
164 235
164 1506
165 14
165 128
165 160
165 160
165 235
165 1652
166 14
166 128
166 160
166 160
166 235
167 14
167 128
167 160
167 160
167 235
168 14
168 128
168 160
168 160
168 235
168 1722
169 1190
169 14
169 128
169 160
169 160
169 235
170 1099
170 14
170 128
170 160
170 160
170 235
170 1124
171 14
171 128
171 160
171 160
171 235
172 14
172 128
172 160
172 160
172 235
173 14
173 128
173 158
173 160
173 158
173 160
173 235
174 14
174 128
174 160
174 160
174 235
175 14
175 128
175 160
175 160
175 235
176 14
176 128
176 160
176 160
176 235
177 14
177 128
177 160
177 160
177 235
178 14
178 128
178 160
178 160
178 235
178 1506
179 14
179 128
179 160
179 160
179 235
180 14
180 235
180 1742
181 14
181 128
181 160
181 160
181 235
182 14
182 128
182 160
182 160
182 235
182 1544
183 14
183 128
183 160
183 160
183 235
183 685
184 14
184 128
184 160
184 160
184 235
184 1726
185 14
185 128
185 160
185 160
185 235
186 14
186 128
186 160
186 160
186 235
186 535
187 14
187 128
187 160
187 160
187 235
188 14
188 128
188 160
188 160
188 235
189 14
189 128
189 160
189 160
189 235
190 14
190 128
190 160
190 160
190 235
191 14
191 128
191 160
191 160
191 235
192 617
192 14
192 128
192 160
192 160
192 235
192 739
192 153
192 153
193 14
193 128
193 160
193 160
193 235
193 1272
194 14
194 128
194 160
194 160
194 235
195 14
195 128
195 160
195 160
195 235
196 14
196 128
196 160
196 160
196 235
197 14
197 128
197 160
197 160
197 235
198 14
198 128
198 160
198 160
199 14
199 128
199 160
199 160
199 235
199 1684
200 14
200 128
200 160
200 160
200 235
200 524
200 685
201 14
201 128
201 160
201 160
201 235
201 535
202 14
202 128
202 160
202 160
202 235
203 14
203 128
203 160
203 160
203 235
203 1271
204 14
204 128
204 160
204 160
204 235
205 14
205 128
205 160
205 160
205 235
205 1506
206 14
206 128
206 160
206 160
206 235
206 1506
207 14
207 128
207 160
207 160
208 14
208 128
208 160
208 160
208 235
208 1271
209 14
209 128
209 160
209 160
209 235
209 685
210 14
210 128
210 160
210 160
210 235
210 1268
211 14
211 128
211 160
211 160
211 235
211 535
212 14
212 128
212 160
212 160
212 235
212 1726
213 14
213 128
213 160
213 160
213 235
213 392
214 14
214 235
214 452
215 14
215 128
215 160
215 160
215 235
216 14
216 128
216 160
216 160
216 235
216 1420
217 14
217 128
217 160
217 160
217 235
218 14
218 128
218 160
218 160
218 235
219 14
219 128
219 160
219 160
219 235
220 14
220 128
220 160
220 160
220 235
220 535
221 14
221 128
221 160
221 160
221 235
221 1433
222 14
222 128
222 160
222 160
222 235
222 535
223 353
223 14
223 128
223 160
223 160
223 235
223 685
224 14
224 128
224 160
224 160
225 14
225 128
225 160
225 160
225 235
226 14
226 128
226 160
226 160
226 235
227 14
227 128
227 160
227 160
227 235
227 1684
228 14
228 128
228 160
228 160
228 235
228 1647
229 14
229 128
229 160
229 160
229 235
230 14
230 128
230 160
230 160
230 235
230 685
231 14
231 128
231 160
231 160
231 235
231 685
232 14
232 128
232 160
232 160
232 235
232 1726
233 14
233 128
233 160
233 160
233 235
234 14
234 128
234 160
234 160
235 14
235 128
235 160
235 160
235 235
235 685
236 14
236 128
236 160
236 160
236 235
236 1326
237 14
237 128
237 160
237 160
237 235
238 14
238 128
238 160
238 160
238 235
239 14
239 128
239 160
239 160
239 235
240 14
240 128
240 160
240 160
241 14
241 128
241 160
241 160
241 235
242 14
242 128
242 160
242 160
242 235
242 1334
243 14
243 128
243 160
243 160
243 235
243 1506
244 14
244 128
244 160
244 160
244 235
245 14
245 128
245 160
245 160
245 235
245 685
246 14
246 128
246 160
246 160
246 235
246 1271
247 14
247 128
247 160
247 160
247 235
247 1684
248 14
248 128
248 160
248 160
248 235
249 14
249 128
249 235
249 1421
250 14
250 128
250 160
250 160
250 235
251 14
251 128
251 160
251 160
252 14
252 128
252 160
252 160
253 14
253 128
253 160
253 160
253 235
254 14
254 128
254 160
254 160
255 14
255 128
255 160
255 160
255 235
255 685
256 14
256 128
256 160
256 160
256 235
257 14
257 128
257 160
257 160
257 235
257 1684
258 14
258 128
258 160
258 160
258 235
259 14
259 128
259 235
259 1421
260 14
260 128
260 160
260 160
260 235
261 14
261 128
261 235
261 1421
262 14
262 128
262 160
262 160
262 235
263 14
263 128
263 160
263 160
263 235
264 14
264 128
264 160
264 160
264 235
265 14
265 128
265 160
265 160
265 235
266 14
266 128
266 160
266 160
266 235
266 1722
267 14
267 128
267 160
267 160
267 235
267 1722
268 14
268 128
268 160
268 160
268 235
268 1308
269 14
269 128
269 160
269 160
269 235
269 685
270 14
270 128
270 160
270 160
270 235
270 685
271 14
271 128
271 160
271 160
271 235
271 1544
272 14
272 128
272 160
272 160
272 235
273 349
273 14
273 128
273 160
273 160
273 235
274 14
274 128
274 160
274 160
274 235
274 685
275 14
275 128
275 160
275 160
275 235
275 1376
276 14
276 128
276 160
276 160
276 235
277 14
277 128
277 160
277 160
277 235
277 1548
278 14
278 128
278 160
278 160
278 235
278 1425
279 14
279 128
279 160
279 160
279 235
280 14
280 128
280 160
280 160
280 235
281 14
281 128
281 160
281 160
281 235
282 14
282 128
282 160
282 160
282 235
283 14
283 128
283 160
283 160
283 235
284 14
284 128
284 160
284 160
284 235
285 14
285 128
285 160
285 160
285 235
285 691
286 14
286 128
286 160
286 160
286 235
287 14
287 128
287 160
287 160
287 235
288 14
288 128
288 160
288 160
288 235
289 14
289 128
289 160
289 160
289 235
289 685
290 14
290 128
290 160
290 160
290 235
290 685
291 14
291 128
291 160
291 160
291 235
292 14
292 128
292 160
292 160
292 235
292 685
293 14
293 128
293 160
293 160
293 235
293 685
294 14
294 128
294 160
294 160
294 235
294 1271
295 14
295 128
295 160
295 160
295 235
295 1722
296 14
296 128
296 160
296 160
296 235
296 1548
297 14
297 128
297 160
297 160
297 235
297 1090
298 14
298 128
298 160
298 160
298 235
299 14
299 128
299 160
299 160
299 235
300 14
300 128
300 160
300 160
300 235
301 14
301 128
301 160
301 160
301 235
301 685
302 14
302 128
302 160
302 160
302 235
303 14
303 128
303 160
303 160
303 235
303 685
304 14
304 128
304 160
304 160
304 235
304 1272
305 14
305 235
305 32
306 14
306 128
306 160
306 160
306 235
307 14
307 128
307 160
307 160
307 235
308 14
308 128
308 160
308 160
308 235
308 1548
309 14
309 128
309 160
309 160
309 235
310 14
310 235
310 1498
310 657
311 14
311 128
311 160
311 160
311 235
311 1548
312 14
312 128
312 160
312 160
312 235
313 14
313 128
313 160
313 160
313 235
314 14
314 128
314 160
314 170
314 160
314 170
314 1313
315 14
315 128
315 160
315 160
315 235
316 14
316 128
316 160
316 160
316 235
316 685
317 14
317 128
317 160
317 160
317 235
318 14
318 128
318 160
318 160
318 235
318 1556
319 14
319 235
320 14
320 128
320 160
320 160
320 235
320 1572
321 14
321 128
321 160
321 160
322 14
322 128
322 160
322 160
322 235
323 14
323 128
323 160
323 160
323 235
324 14
324 128
324 160
324 160
324 235
324 1326
325 14
325 128
325 160
325 160
325 235
326 14
326 128
326 160
326 160
326 235
326 685
327 14
327 128
327 160
327 160
327 235
328 14
328 128
328 160
328 160
328 235
329 14
329 128
329 160
329 160
329 235
329 1722
330 14
330 128
330 160
330 160
330 235
330 1308
331 14
331 128
331 160
331 160
331 235
332 14
332 128
332 160
332 160
332 235
333 14
333 128
333 160
333 160
333 235
334 14
334 128
334 160
334 160
334 235
335 14
335 128
335 160
335 160
335 235
335 1271
336 14
336 128
336 160
336 160
336 235
337 14
337 128
337 160
337 160
337 235
337 1556
338 14
338 128
338 160
338 160
338 235
339 14
339 128
339 160
339 160
339 235
340 481
340 14
340 128
340 160
340 160
340 235
341 14
341 128
341 160
341 160
341 235
342 543
342 14
342 128
342 160
342 160
342 235
342 535
343 14
343 128
343 160
343 160
343 235
344 14
344 128
344 160
344 160
344 235
345 14
345 128
345 160
345 160
345 235
345 535
346 14
346 128
346 160
346 160
346 235
347 14
347 128
347 160
347 160
347 235
348 14
348 128
348 160
348 160
348 235
348 1455
349 14
349 128
349 160
349 160
349 235
349 535
350 14
350 128
350 160
350 160
350 235
351 14
351 128
351 160
351 160
351 235
352 14
352 128
352 160
352 160
352 1313
353 14
353 128
353 160
353 160
353 235
354 14
354 128
354 160
354 160
354 235
355 14
355 128
355 160
355 160
355 235
355 1547
356 14
356 128
356 160
356 160
356 235
356 1420
357 14
357 128
357 160
357 160
357 235
358 14
358 128
358 160
358 160
358 235
358 1455
359 14
359 128
359 160
359 160
359 235
360 14
360 128
360 160
360 160
360 235
360 1556
361 14
361 128
361 160
361 160
361 235
362 14
362 128
362 160
362 160
362 235
362 1329
363 14
363 128
363 160
363 160
363 235
363 1334
364 14
364 128
364 160
364 160
364 235
365 14
365 128
365 160
365 160
365 235
366 14
366 128
366 160
366 160
366 235
367 14
367 128
367 160
367 160
367 235
367 1265
368 14
368 128
368 160
368 160
368 235
368 1334
369 14
369 128
369 160
369 160
369 235
370 14
370 128
370 160
370 160
370 235
370 1258
371 14
371 128
371 160
371 160
371 235
371 1547
372 14
372 128
372 160
372 160
372 235
372 1556
373 14
373 128
373 160
373 160
373 235
374 14
374 128
374 160
374 160
374 235
375 14
375 128
375 160
375 160
375 235
376 14
376 128
376 160
376 160
376 235
377 14
377 128
377 160
377 160
377 235
378 14
378 128
378 160
378 160
378 235
378 1572
379 14
379 128
379 160
379 160
379 235
380 14
380 128
380 160
380 160
380 235
381 14
381 128
381 160
381 160
381 235
381 685
382 14
382 128
382 160
382 160
382 235
383 14
383 128
383 160
383 160
383 235
384 14
384 128
384 160
384 160
384 235
385 14
385 128
385 160
385 160
385 235
386 14
386 128
386 160
386 160
386 235
387 751
387 14
387 128
387 160
387 160
387 235
387 1308
387 846
388 14
388 128
388 160
388 160
388 235
388 1455
389 14
389 128
389 160
389 160
389 235
390 14
390 128
390 160
390 160
390 235
391 14
391 128
391 160
391 160
391 235
392 14
392 128
392 160
392 160
392 235
393 14
393 128
393 160
393 160
393 235
393 1506
393 652
394 14
394 128
394 160
394 160
394 235
394 1572
395 14
395 128
395 160
395 160
395 235
396 14
396 128
396 160
396 160
396 235
397 14
397 128
397 160
397 160
397 235
398 14
398 128
398 160
398 160
398 235
399 14
399 128
399 160
399 160
399 235
399 535
400 14
400 128
400 160
400 160
400 235
401 14
401 128
401 160
401 160
401 235
402 14
402 128
402 160
402 160
402 235
403 14
403 128
403 160
403 160
403 235
404 14
404 128
404 160
404 160
404 235
405 14
405 235
405 1280
405 1281
405 650
406 14
406 128
406 160
406 160
406 235
406 1455
407 14
407 128
407 160
407 160
407 235
408 14
408 128
408 160
408 160
408 235
409 14
409 128
409 160
409 160
409 235
409 1572
410 14
410 128
410 160
410 160
410 235
410 1544
411 14
411 128
411 160
411 160
411 235
412 14
412 128
412 160
412 160
412 235
412 1544
413 14
413 128
413 160
413 160
413 235
414 14
414 128
414 160
414 160
414 235
415 14
415 128
415 160
415 160
415 235
416 14
416 128
416 160
416 160
416 235
416 1544
416 431
417 14
417 128
417 160
417 160
417 235
418 1356
418 14
418 128
418 160
418 160
418 235
419 14
419 128
419 160
419 160
419 235
419 1326
420 14
420 128
420 160
420 160
420 235
420 1264
420 854
420 1001
421 14
421 128
421 160
421 160
421 1313
422 14
422 128
422 160
422 160
422 235
423 14
423 128
423 160
423 160
423 235
423 1455
424 14
424 128
424 160
424 160
424 235
425 14
425 128
425 160
425 160
425 235
426 14
426 128
426 160
426 160
426 235
427 14
427 128
427 160
427 160
427 235
427 1326
428 14
428 128
428 160
428 160
428 1313
429 14
429 128
429 160
429 160
429 235
429 1376
430 14
430 128
430 160
430 160
430 235
430 1329
431 14
431 128
431 160
431 160
431 235
432 14
432 128
432 160
432 160
432 235
432 1433
433 14
433 128
433 160
433 160
433 235
434 14
434 128
434 160
434 160
434 235
434 1455
434 716
435 14
435 128
435 160
435 160
435 235
435 1376
436 14
436 128
436 160
436 160
436 235
437 14
437 128
437 160
437 160
437 235
437 1376
438 14
438 128
438 160
438 160
438 235
439 14
439 128
439 160
439 160
439 235
440 14
440 128
440 160
440 160
440 235
441 14
441 128
441 160
441 160
441 235
442 14
442 128
442 160
442 160
442 235
442 1420
443 14
443 128
443 160
443 160
443 235
444 14
444 128
444 160
444 160
444 235
445 14
445 128
445 160
445 160
445 235
446 14
446 128
446 160
446 160
446 235
447 14
447 128
447 160
447 160
447 235
447 1326
448 14
448 128
448 160
448 160
448 235
449 14
449 128
449 160
449 160
449 235
450 14
450 128
450 160
450 160
450 235
451 14
451 128
451 160
451 160
451 235
452 14
452 128
452 160
452 160
452 235
453 14
453 128
453 160
453 160
453 235
454 14
454 128
454 160
454 160
454 235
455 14
455 128
455 160
455 160
455 235
455 1326
456 14
456 128
456 160
456 160
456 235
457 14
457 128
457 160
457 160
457 235
457 490
457 155
457 155
457 155
457 1415
458 14
458 128
458 160
458 160
458 235
459 87
459 426
459 14
459 1295
460 14
460 128
460 160
460 160
460 235
461 14
461 128
461 160
461 160
461 235
462 14
462 128
462 160
462 160
462 235
463 14
463 128
463 160
463 160
463 235
464 14
464 128
464 160
464 160
464 235
465 14
465 128
465 160
465 160
465 235
466 14
466 128
466 160
466 160
466 235
467 14
467 128
467 160
467 160
467 235
468 14
468 128
468 160
468 160
468 235
469 14
469 128
469 160
469 160
469 235
470 14
470 128
470 160
470 160
470 235
470 1264
471 14
471 128
471 160
471 160
471 235
472 14
472 128
472 160
472 160
472 235
473 14
473 128
473 160
473 160
473 235
474 14
474 128
474 160
474 160
474 235
475 139
475 139
475 14
475 128
475 160
475 160
475 235
476 14
476 128
476 160
476 160
476 235
476 1308
477 14
477 128
477 160
477 160
477 235
478 14
478 128
478 160
478 160
478 235
479 14
479 128
479 160
479 160
479 235
479 1268
480 14
480 128
480 160
480 160
480 235
481 14
481 128
481 160
481 160
481 235
482 14
482 128
482 160
482 160
482 235
483 14
483 128
483 160
483 160
483 235
484 14
484 128
484 160
484 160
484 235
485 14
485 128
485 160
485 160
485 235
485 1329
486 14
486 128
486 160
486 160
486 235
487 14
487 128
487 160
487 160
487 235
488 14
488 128
488 160
488 160
488 235
489 14
489 128
489 160
489 160
489 235
490 14
490 128
490 160
490 160
490 235
491 299
491 14
491 128
491 160
491 160
491 235
492 14
492 128
492 235
492 1421
493 14
493 128
493 160
493 160
493 235
494 14
494 128
494 160
494 160
494 235
495 14
495 128
495 160
495 160
495 235
496 14
496 128
496 160
496 160
496 235
497 14
497 128
497 160
497 160
497 235
498 14
498 128
498 160
498 160
498 235
499 14
499 128
499 160
499 160
499 235
500 14
500 128
500 160
500 160
500 235
501 14
501 128
501 160
501 160
501 235
501 1308
502 14
502 128
502 160
502 160
502 235
502 1268
503 14
503 128
503 160
503 160
503 235
504 14
504 128
504 160
504 160
504 235
504 1264
505 14
505 128
505 160
505 160
505 235
505 1268
506 14
506 235
506 856
507 14
507 128
507 160
507 160
507 32
507 129
508 14
508 128
508 160
508 160
508 235
509 14
509 128
509 160
509 160
509 235
510 14
510 128
510 160
510 160
510 235
511 14
511 128
511 160
511 160
511 235
512 14
512 128
512 160
512 160
512 235
513 14
513 128
513 160
513 160
513 235
514 14
514 128
514 160
514 160
514 235
515 14
515 128
515 160
515 160
515 235
515 1472
516 14
516 128
516 160
516 160
516 235
517 14
517 128
517 160
517 160
517 235
518 14
518 128
518 160
518 160
518 235
519 14
519 128
519 160
519 160
519 235
520 14
520 128
520 160
520 160
520 235
521 14
521 128
521 160
521 160
521 235
521 1272
522 14
522 128
522 160
522 160
522 235
523 14
523 128
523 160
523 160
523 235
524 14
524 128
524 160
524 160
524 235
524 1265
525 14
525 128
525 160
525 160
525 235
526 14
526 128
526 160
526 160
526 235
527 14
527 128
527 160
527 160
527 235
528 14
528 128
528 160
528 160
528 235
529 14
529 128
529 160
529 160
529 235
530 14
530 128
530 160
530 160
530 235
531 14
531 128
531 160
531 160
531 235
532 14
532 128
532 160
532 160
532 235
533 14
533 128
533 160
533 160
533 235
534 14
534 128
534 160
534 160
534 235
534 1265
535 14
535 128
535 160
535 160
535 235
535 1272
536 14
536 128
536 160
536 160
536 235
537 14
537 128
537 160
537 160
537 235
538 14
538 128
538 160
538 160
538 235
539 14
539 128
539 160
539 160
539 235
540 14
540 128
540 160
540 160
540 235
541 14
541 128
541 160
541 160
541 235
542 14
542 128
542 160
542 160
542 235
543 14
543 128
543 160
543 160
543 235
544 14
544 128
544 160
544 160
544 235
545 14
545 128
545 160
545 160
545 235
545 1258
546 14
546 128
546 160
546 160
546 235
547 14
547 128
547 160
547 160
547 235
548 14
548 128
548 160
548 160
548 235
549 14
549 128
549 160
549 160
549 235
550 14
550 128
550 160
550 160
550 235
551 14
551 128
551 160
551 160
551 235
552 14
552 128
552 160
552 160
552 235
552 1265
553 14
553 128
553 160
553 160
553 235
553 1268
554 14
554 160
554 160
554 235
555 14
555 160
555 160
555 235
556 14
556 160
556 160
556 235
557 14
557 160
557 160
557 235
558 14
558 160
558 160
558 235
558 411
559 14
559 160
559 160
559 235
560 14
560 160
560 160
560 235
561 14
561 160
561 160
561 235
562 14
562 160
562 160
562 235
562 1268
563 14
563 160
563 160
563 235
564 14
564 160
564 160
564 235
565 14
565 160
565 160
565 235
566 14
566 160
566 160
566 160
566 160
566 235
567 14
567 160
567 160
567 160
567 160
567 235
568 14
568 160
568 160
568 160
568 160
568 235
569 14
569 160
569 160
569 160
569 160
569 235
570 14
570 160
570 160
570 235
571 14
571 160
571 160
571 235
572 14
572 160
572 160
572 235
573 14
573 160
573 160
573 235
573 1258
574 14
574 160
574 160
574 235
575 14
575 160
575 160
575 235
576 14
576 160
576 160
576 235
577 14
577 160
577 160
577 235
578 14
578 160
578 160
578 235
579 14
579 160
579 160
579 235
580 14
580 160
580 160
580 235
580 1190
581 14
581 160
581 160
581 235
582 14
582 160
582 160
582 235
583 14
583 160
583 160
583 235
584 14
584 160
584 160
584 235
585 14
585 160
585 160
585 235
586 29
586 16
586 184
586 184
587 16
587 806
587 1494
588 17
588 475
588 356
588 163
588 163
588 971
588 739
588 1109
589 18
589 45
589 87
589 426
589 239
590 18
590 163
590 163
590 971
591 117
591 114
591 115
591 116
591 18
591 77
591 329
592 20
592 371
592 30
592 38
592 34
592 1372
592 296
593 21
593 233
593 1063
593 898
593 374
594 1273
594 102
594 87
594 426
594 21
594 532
595 68
595 21
595 163
595 163
595 971
596 368
596 21
596 382
596 369
596 445
596 230
597 298
597 22
597 362
597 739
597 946
598 22
598 154
598 154
598 1193
599 154
599 154
599 22
600 1251
600 23
600 137
600 137
601 23
601 348
601 843
601 1729
601 1728
601 1731
601 1733
601 1735
602 499
602 625
602 23
602 480
603 1029
603 23
604 965
604 23
604 791
605 137
605 137
605 23
605 1783
606 23
606 759
606 406
606 878
606 879
606 961
606 952
606 901
606 1691
607 344
607 23
607 406
607 512
608 478
608 1435
608 701
608 24
609 24
609 857
609 854
610 25
610 456
610 64
610 1120
611 1180
611 25
611 176
611 176
611 906
612 68
612 26
612 403
612 739
612 153
612 153
613 27
613 133
613 163
613 163
613 971
614 28
614 60
614 115
614 196
614 195
614 437
615 495
615 977
615 30
615 1109
615 1109
615 153
615 153
615 739
616 282
616 412
616 1650
616 30
617 272
617 1667
617 441
617 30
618 857
618 30
618 1832
618 649
618 1656
618 1641
618 334
618 1795
619 713
619 1451
619 1671
619 30
619 1361
619 1121
619 1051
619 1457
620 1235
620 30
620 727
621 529
621 1299
621 30
621 1666
622 83
622 103
622 30
622 408
623 104
623 30
623 714
623 1346
624 57
624 79
624 248
624 30
625 31
625 192
625 1229
626 31
626 72
626 87
626 426
626 300
627 172
627 172
627 344
627 32
628 32
628 401
628 994
629 450
629 32
629 234
630 975
630 32
630 916
631 32
631 803
632 150
632 150
632 32
632 1357
632 146
633 32
633 87
633 234
633 426
634 87
634 426
634 32
634 129
634 41
634 6
634 1683
634 1338
635 32
635 1263
635 446
635 727
636 1083
636 33
636 355
636 794
637 591
637 33
637 355
637 1453
638 179
638 179
638 33
638 355
639 33
639 137
639 137
639 355
640 33
640 355
640 375
640 435
640 1761
641 33
641 355
641 483
641 798
642 33
642 355
642 202
643 57
643 79
643 1192
643 116
643 57
643 79
643 191
643 33
643 355
643 720
644 33
644 355
644 34
644 1017
645 33
645 355
645 953
645 547
646 33
646 355
646 1076
646 620
647 33
647 152
647 152
647 355
648 33
648 355
648 87
648 426
649 83
649 313
649 33
649 311
649 355
649 145
649 145
650 33
650 137
650 137
650 355
651 299
651 387
651 453
651 454
651 33
651 355
651 471
651 366
651 593
651 295
651 1076
651 739
652 33
652 355
652 156
652 156
653 48
653 33
653 48
653 48
653 48
653 48
653 1285
653 273
653 349
654 33
654 355
654 74
654 349
655 366
655 33
655 355
655 519
655 534
655 422
656 33
656 355
656 137
656 137
657 157
657 157
657 33
657 355
658 33
658 33
658 355
658 355
659 33
659 355
659 591
659 1798
660 33
660 33
660 355
660 355
661 33
661 33
661 355
661 355
661 236
662 33
662 355
662 309
662 1244
662 1173
663 35
663 33
663 355
664 33
664 355
665 620
665 720
665 34
665 863
666 708
666 34
666 1106
667 36
667 58
667 1199
668 739
668 37
668 357
669 648
669 37
669 357
669 734
670 37
670 357
670 1137
670 1712
671 37
671 357
671 739
671 739
672 38
672 428
672 1311
672 795
673 39
673 207
673 39
673 207
674 40
674 180
674 180
674 223
675 1346
675 41
675 41
675 1327
675 797
675 41
676 87
676 426
676 478
676 847
676 41
676 1163
677 800
677 988
677 920
677 41
677 1148
678 41
678 169
678 169
678 1374
679 41
679 743
679 1109
680 163
680 163
680 971
680 42
681 42
681 54
681 68
681 115
682 111
682 1223
682 43
682 1202
683 43
683 534
683 507
683 727
684 167
684 167
684 44
684 325
684 1003
685 1189
685 739
685 739
685 739
685 487
685 239
685 44
686 44
686 239
686 436
686 739
686 231
686 979
686 764
687 150
687 150
687 46
687 185
688 60
688 256
688 239
688 47
689 48
689 209
689 450
689 1291
690 48
690 1804
690 1778
691 679
691 776
691 920
691 49
691 383
691 1700
692 87
692 426
692 475
692 50
692 221
692 1109
692 739
692 739
692 153
692 153
693 68
693 51
693 203
693 195
694 52
694 182
694 182
694 52
695 254
695 53
695 117
695 106
696 53
696 163
696 163
696 971
697 54
697 163
697 163
697 437
697 971
698 54
698 163
698 163
698 971
699 415
699 54
699 801
700 187
700 187
700 54
700 1231
700 198
700 105
700 111
700 229
700 293
700 262
700 243
700 286
701 260
701 1062
701 55
701 1062
702 169
702 169
702 55
702 900
703 57
703 79
703 128
703 160
703 160
704 57
704 79
704 128
704 160
704 160
705 57
705 79
705 128
705 160
705 160
706 57
706 79
706 128
706 160
706 160
707 57
707 79
707 128
707 160
707 160
708 57
708 79
708 128
708 160
708 160
709 57
709 79
709 128
709 160
709 160
710 57
710 79
710 128
710 160
710 160
711 57
711 79
711 128
711 160
711 160
712 57
712 79
712 128
712 160
712 160
713 57
713 79
713 128
713 160
713 160
714 57
714 79
714 128
714 160
714 160
715 57
715 79
715 128
715 160
715 160
715 723
716 57
716 79
716 128
716 160
716 160
716 1351
717 57
717 79
717 128
717 160
717 160
718 57
718 79
718 128
718 160
718 160
718 1406
719 57
719 79
719 128
719 160
719 160
720 57
720 79
720 128
720 160
720 160
721 305
721 57
721 79
721 128
721 160
721 160
721 1406
722 57
722 79
722 128
722 160
722 160
723 57
723 79
723 128
723 160
723 160
724 57
724 79
724 128
724 160
724 160
725 57
725 79
725 128
725 160
725 160
726 57
726 79
726 128
726 160
726 160
726 1695
727 57
727 79
727 128
727 160
727 160
728 57
728 79
728 128
728 160
728 160
729 57
729 79
729 128
729 160
729 160
730 57
730 79
730 128
730 160
730 160
731 57
731 79
731 128
731 160
731 160
732 57
732 79
732 128
732 160
732 160
733 57
733 79
733 128
733 160
733 160
734 57
734 79
734 128
734 160
734 160
735 57
735 79
735 128
735 160
735 160
736 57
736 79
736 128
736 160
736 160
737 57
737 79
737 128
737 160
737 160
738 536
738 57
738 79
738 128
738 160
738 160
739 57
739 79
739 128
739 160
739 160
740 57
740 79
740 128
740 160
740 160
741 57
741 79
741 128
741 160
741 160
741 1406
742 57
742 79
742 128
742 160
742 160
742 1695
743 57
743 79
743 128
743 160
743 160
743 1406
744 57
744 79
744 128
744 160
744 160
745 57
745 79
745 128
745 160
745 160
745 1314
746 57
746 79
746 128
746 160
746 160
747 57
747 79
747 128
747 160
747 160
748 57
748 79
748 128
748 160
748 160
749 57
749 79
749 128
749 160
749 160
750 57
750 79
750 128
750 160
750 160
751 57
751 79
751 128
751 160
751 160
751 1406
752 57
752 79
752 128
752 160
752 160
753 57
753 79
753 128
753 160
753 160
753 1351
754 57
754 79
754 128
754 160
754 160
755 57
755 79
755 128
755 160
755 160
756 57
756 79
756 128
756 160
756 160
757 57
757 79
757 128
757 160
757 160
758 57
758 79
758 128
758 160
758 160
758 1351
759 57
759 79
759 128
759 160
759 160
760 57
760 79
760 128
760 160
760 160
761 57
761 57
761 79
761 79
761 128
761 128
761 160
761 160
761 160
761 160
762 57
762 79
762 128
762 160
762 160
763 57
763 79
763 147
763 147
763 206
764 57
764 79
764 128
764 160
764 160
765 57
765 79
765 128
765 160
765 160
766 57
766 79
766 128
766 160
766 160
767 57
767 79
767 128
767 160
767 160
768 57
768 79
768 128
768 160
768 160
769 57
769 79
769 128
769 160
769 160
770 57
770 79
770 128
770 160
770 160
771 57
771 79
771 128
771 160
771 160
772 57
772 79
772 128
772 160
772 160
773 57
773 79
773 128
773 160
773 160
774 57
774 79
774 128
774 160
774 160
775 590
775 57
775 79
775 1066
776 57
776 79
776 128
776 160
776 160
777 57
777 79
777 128
777 160
777 160
778 57
778 79
778 128
778 160
778 160
779 57
779 79
779 128
779 160
779 160
780 57
780 79
780 128
780 160
780 160
781 57
781 79
781 128
781 160
781 160
782 57
782 79
782 128
782 160
782 160
783 57
783 79
783 128
783 160
783 160
784 57
784 79
784 128
784 160
784 160
785 57
785 79
785 128
785 160
785 160
785 1406
786 57
786 79
786 128
786 160
786 160
786 1406
787 57
787 79
787 128
787 160
787 160
788 57
788 79
788 128
788 160
788 160
788 1695
789 57
789 79
789 739
789 93
790 57
790 79
790 128
790 160
790 160
790 1351
791 57
791 79
791 128
791 160
791 160
791 1392
792 57
792 79
792 128
792 160
792 160
793 57
793 79
793 128
793 160
793 160
793 1351
794 57
794 79
794 128
794 160
794 160
795 57
795 79
795 128
795 160
795 160
796 57
796 79
796 128
796 160
796 160
797 57
797 79
797 128
797 160
797 160
798 57
798 79
798 128
798 160
798 160
799 57
799 79
799 128
799 160
799 160
800 57
800 79
800 128
800 160
800 160
801 57
801 79
801 128
801 160
801 160
802 57
802 79
802 128
802 160
802 160
803 57
803 79
803 128
803 160
803 160
804 57
804 79
804 128
804 160
804 160
805 57
805 79
805 128
805 160
805 160
806 57
806 79
806 128
806 160
806 160
807 57
807 79
807 128
807 160
807 160
808 57
808 79
808 128
808 160
808 160
809 57
809 79
809 128
809 160
809 160
810 57
810 79
810 128
810 160
810 160
811 57
811 79
811 128
811 160
811 160
812 57
812 79
812 128
812 160
812 160
813 57
813 79
813 128
813 160
813 160
814 57
814 79
814 128
814 160
814 160
814 1695
815 57
815 79
815 128
815 160
815 160
816 57
816 79
816 128
816 160
816 160
817 57
817 79
817 128
817 160
817 160
818 57
818 79
818 128
818 160
818 160
819 57
819 79
819 128
819 160
819 160
820 57
820 79
820 128
820 160
820 160
820 1392
821 57
821 79
821 128
821 160
821 160
822 57
822 59
822 79
822 128
822 160
822 160
822 1381
823 57
823 79
823 128
823 160
823 160
824 57
824 79
824 128
824 160
824 160
824 1607
824 526
824 820
824 416
824 1842
825 57
825 79
825 128
825 160
825 160
825 1351
826 57
826 79
826 128
826 160
826 160
827 57
827 79
827 128
827 160
827 160
828 57
828 79
828 128
828 160
828 160
829 57
829 79
829 128
829 160
829 160
830 57
830 79
830 128
830 160
830 160
831 57
831 79
831 128
831 160
831 160
831 717
832 606
832 57
832 79
832 128
832 160
832 160
833 57
833 79
833 128
833 160
833 160
834 57
834 79
834 128
834 160
834 160
835 57
835 79
835 128
835 160
835 160
836 57
836 79
836 128
836 160
836 160
836 1406
837 57
837 79
837 128
837 160
837 160
838 57
838 79
838 128
838 160
838 160
839 57
839 79
839 128
839 160
839 160
839 1426
840 57
840 79
840 128
840 160
840 160
841 57
841 79
841 128
841 160
841 160
842 57
842 79
842 128
842 160
842 160
843 57
843 79
843 128
843 160
843 160
844 57
844 79
844 128
844 160
844 160
845 57
845 79
845 128
845 160
845 160
846 57
846 79
846 128
846 160
846 160
847 57
847 79
847 128
847 160
847 160
848 57
848 79
848 128
848 160
848 160
849 57
849 79
849 128
849 160
849 160
850 57
850 79
850 128
850 160
850 160
851 57
851 79
851 128
851 160
851 160
852 57
852 79
852 128
852 160
852 160
853 57
853 79
853 128
853 160
853 160
854 57
854 79
854 128
854 160
854 160
855 57
855 79
855 128
855 160
855 160
856 57
856 79
856 128
856 160
856 160
857 57
857 79
857 128
857 160
857 160
858 57
858 79
858 128
858 160
858 160
859 57
859 79
859 128
859 160
859 160
860 57
860 79
860 128
860 160
860 160
860 1381
861 57
861 79
861 128
861 160
861 160
862 57
862 79
862 128
862 160
862 160
863 57
863 79
863 128
863 160
863 160
863 1322
864 57
864 79
864 128
864 160
864 160
865 57
865 79
865 128
865 160
865 160
866 57
866 79
866 128
866 160
866 160
866 1322
867 57
867 79
867 128
867 160
867 160
867 1381
868 57
868 79
868 128
868 160
868 160
868 1351
869 57
869 79
869 128
869 160
869 160
870 57
870 79
870 128
870 160
870 160
871 57
871 79
871 128
871 160
871 160
872 57
872 79
872 128
872 160
872 160
873 57
873 79
873 128
873 160
873 160
874 57
874 79
874 128
874 160
874 160
875 57
875 79
875 128
875 160
875 160
876 57
876 79
876 128
876 160
876 160
876 1392
877 57
877 79
877 128
877 160
877 160
878 57
878 79
878 128
878 160
878 160
878 1392
879 57
879 79
879 128
879 160
879 160
880 57
880 79
880 128
880 160
880 160
881 57
881 79
881 128
881 160
881 160
882 57
882 79
882 128
882 160
882 160
883 57
883 79
883 128
883 160
883 160
884 57
884 79
884 128
884 160
884 160
885 57
885 79
885 128
885 160
885 160
885 1314
886 57
886 79
886 128
886 160
886 160
887 57
887 79
887 128
887 160
887 160
888 57
888 79
888 128
888 160
888 160
889 57
889 79
889 128
889 160
889 160
890 57
890 79
890 128
890 160
890 160
891 57
891 79
891 128
891 160
891 160
891 1392
892 57
892 79
892 128
892 160
892 160
893 57
893 79
893 128
893 160
893 160
894 57
894 79
894 128
894 160
894 160
895 57
895 79
895 128
895 160
895 160
896 57
896 79
896 128
896 160
896 160
897 57
897 79
897 128
897 160
897 160
898 57
898 79
898 128
898 160
898 160
899 57
899 79
899 128
899 160
899 160
900 57
900 79
900 128
900 160
900 160
901 57
901 79
901 128
901 160
901 160
902 57
902 79
902 128
902 160
902 160
903 57
903 79
903 128
903 160
903 160
904 57
904 79
904 128
904 160
904 160
904 1392
905 57
905 79
905 128
905 160
905 160
906 57
906 79
906 128
906 160
906 160
907 57
907 79
907 128
907 160
907 160
908 57
908 79
908 128
908 160
908 160
909 57
909 79
909 128
909 160
909 160
910 87
910 426
910 57
910 79
911 57
911 79
911 128
911 160
911 160
912 57
912 79
912 128
912 160
912 160
913 57
913 79
913 128
913 160
913 160
914 57
914 79
914 128
914 160
914 160
915 57
915 79
915 128
915 160
915 160
916 57
916 79
916 128
916 160
916 160
917 57
917 79
917 128
917 160
917 160
918 57
918 79
918 128
918 160
918 160
918 1392
919 57
919 79
919 128
919 160
919 160
920 57
920 79
920 128
920 160
920 160
920 1351
921 57
921 79
921 128
921 160
921 160
921 1381
922 57
922 79
922 128
922 160
922 160
923 57
923 79
923 128
923 160
923 160
924 57
924 79
924 128
924 160
924 160
925 57
925 79
925 128
925 160
925 160
925 1392
926 57
926 79
926 128
926 160
926 160
927 57
927 79
927 128
927 160
927 160
928 57
928 79
928 128
928 160
928 160
929 57
929 79
929 128
929 160
929 160
930 57
930 79
930 128
930 160
930 160
931 57
931 79
931 128
931 160
931 160
931 1392
932 57
932 79
932 128
932 160
932 160
933 57
933 79
933 128
933 160
933 160
934 57
934 79
934 128
934 160
934 160
935 57
935 79
935 128
935 160
935 160
936 57
936 79
936 128
936 160
936 160
937 57
937 79
937 128
937 160
937 160
938 57
938 79
938 128
938 160
938 160
939 57
939 79
939 128
939 160
939 160
940 57
940 79
940 128
940 160
940 160
940 1041
941 57
941 79
941 128
941 160
941 160
942 57
942 79
942 128
942 160
942 160
942 57
942 79
942 128
942 160
942 160
942 218
943 57
943 79
943 128
943 160
943 160
944 1192
944 1194
944 57
944 79
944 128
944 160
944 160
944 379
945 57
945 79
945 128
945 160
945 160
945 128
946 57
946 79
946 128
946 160
946 160
947 57
947 79
947 128
947 160
947 160
948 57
948 79
948 128
948 160
948 160
949 57
949 79
949 128
949 160
949 160
950 57
950 79
950 128
950 160
950 160
951 57
951 79
951 128
951 160
951 160
952 57
952 79
952 128
952 160
952 160
953 57
953 79
953 128
953 160
953 160
954 57
954 79
954 128
954 160
954 160
954 1322
955 57
955 79
955 128
955 160
955 160
956 57
956 79
956 128
956 160
956 160
957 57
957 79
957 128
957 160
957 160
958 57
958 79
958 128
958 160
958 160
959 57
959 79
959 128
959 160
959 160
960 57
960 79
960 128
960 160
960 160
961 57
961 79
961 128
961 160
961 160
961 349
962 57
962 79
962 128
962 160
962 160
963 57
963 79
963 128
963 160
963 160
964 57
964 79
964 128
964 160
964 160
964 1441
965 57
965 79
965 128
965 160
965 160
966 1214
966 57
966 79
966 128
966 160
966 160
967 57
967 79
967 128
967 160
967 160
968 57
968 79
968 128
968 160
968 160
969 57
969 79
969 128
969 160
969 160
970 57
970 79
970 128
970 160
970 160
971 57
971 79
971 128
971 160
971 160
972 57
972 79
972 128
972 160
972 160
973 57
973 79
973 128
973 160
973 160
973 1322
974 57
974 79
974 128
974 160
974 160
975 57
975 79
975 128
975 160
975 160
976 57
976 79
976 128
976 160
976 160
977 57
977 79
977 128
977 160
977 160
977 1314
978 57
978 79
978 128
978 160
978 160
979 57
979 57
979 79
979 79
979 128
979 128
979 160
979 160
979 160
979 160
980 57
980 79
980 128
980 160
980 160
981 57
981 79
981 128
981 160
981 160
982 57
982 79
982 128
982 160
982 160
983 57
983 79
983 128
983 160
983 160
984 57
984 79
984 128
984 160
984 160
984 1322
985 57
985 79
985 128
985 160
985 160
986 57
986 79
986 128
986 160
986 160
987 57
987 79
987 128
987 160
987 160
988 57
988 79
988 128
988 160
988 160
989 57
989 79
989 128
989 160
989 160
990 57
990 79
990 128
990 160
990 160
991 57
991 79
991 128
991 160
991 160
992 57
992 79
992 128
992 160
992 160
992 57
992 79
992 128
992 160
992 160
993 57
993 79
993 128
993 160
993 160
994 57
994 79
994 128
994 160
994 160
994 849
995 57
995 79
995 128
995 160
995 160
996 57
996 79
996 128
996 160
996 160
996 119
997 57
997 79
997 128
997 160
997 160
998 57
998 79
998 128
998 160
998 160
999 57
999 79
999 128
999 160
999 160
1000 57
1000 79
1000 128
1000 160
1000 160
1001 57
1001 79
1001 128
1001 160
1001 160
1002 57
1002 79
1002 128
1002 160
1002 160
1002 1314
1003 57
1003 79
1003 128
1003 160
1003 160
1004 57
1004 79
1004 128
1004 160
1004 160
1005 57
1005 79
1005 128
1005 160
1005 160
1006 57
1006 79
1006 128
1006 160
1006 160
1007 57
1007 79
1007 128
1007 160
1007 160
1008 57
1008 79
1008 128
1008 160
1008 160
1009 57
1009 79
1009 128
1009 160
1009 160
1010 57
1010 79
1010 128
1010 160
1010 160
1011 57
1011 79
1011 128
1011 160
1011 160
1012 57
1012 79
1012 128
1012 160
1012 160
1013 57
1013 79
1013 128
1013 160
1013 160
1014 57
1014 79
1014 128
1014 160
1014 160
1015 57
1015 79
1015 128
1015 160
1015 160
1016 57
1016 79
1016 128
1016 160
1016 160
1017 57
1017 79
1017 128
1017 160
1017 160
1017 217
1018 57
1018 79
1018 128
1018 160
1018 160
1019 57
1019 79
1019 128
1019 160
1019 160
1020 57
1020 79
1020 128
1020 160
1020 160
1021 57
1021 79
1021 128
1021 160
1021 160
1022 57
1022 79
1022 128
1022 160
1022 160
1023 57
1023 79
1023 128
1023 160
1023 160
1024 57
1024 79
1024 128
1024 160
1024 160
1025 57
1025 79
1025 128
1025 160
1025 160
1026 57
1026 79
1026 128
1026 160
1026 160
1027 57
1027 79
1027 128
1027 160
1027 160
1027 1459
1028 57
1028 79
1028 128
1028 160
1028 160
1029 57
1029 79
1029 128
1029 160
1029 160
1030 57
1030 79
1030 128
1030 160
1030 160
1031 57
1031 79
1031 128
1031 160
1031 160
1032 57
1032 79
1032 128
1032 160
1032 160
1033 57
1033 79
1033 128
1033 160
1033 160
1034 57
1034 79
1034 128
1034 160
1034 160
1035 57
1035 79
1035 128
1035 160
1035 160
1036 57
1036 79
1036 128
1036 160
1036 160
1037 57
1037 79
1037 128
1037 160
1037 160
1038 57
1038 79
1038 128
1038 160
1038 160
1039 57
1039 79
1039 128
1039 160
1039 160
1040 57
1040 79
1040 128
1040 160
1040 160
1041 57
1041 79
1041 128
1041 160
1041 160
1042 57
1042 79
1042 128
1042 160
1042 160
1043 57
1043 79
1043 128
1043 160
1043 160
1044 57
1044 79
1044 128
1044 160
1044 160
1045 57
1045 79
1045 128
1045 160
1045 160
1046 57
1046 79
1046 128
1046 160
1046 160
1047 294
1047 57
1047 79
1047 128
1047 160
1047 160
1047 57
1047 79
1047 128
1047 160
1047 160
1047 269
1047 1312
1048 57
1048 79
1048 128
1048 160
1048 160
1049 57
1049 79
1049 128
1049 160
1049 160
1050 57
1050 79
1050 128
1050 160
1050 160
1051 57
1051 79
1051 128
1051 160
1051 160
1052 57
1052 79
1052 128
1052 160
1052 160
1053 57
1053 79
1053 128
1053 160
1053 160
1054 57
1054 79
1054 128
1054 160
1054 160
1055 57
1055 79
1055 128
1055 160
1055 160
1056 57
1056 79
1056 128
1056 160
1056 160
1057 57
1057 79
1057 128
1057 160
1057 160
1058 57
1058 79
1058 128
1058 160
1058 160
1059 57
1059 79
1059 128
1059 160
1059 160
1060 57
1060 79
1060 128
1060 160
1060 160
1061 57
1061 79
1061 128
1061 160
1061 160
1062 57
1062 79
1062 160
1062 160
1063 57
1063 79
1063 160
1063 160
1064 57
1064 79
1064 160
1064 160
1065 57
1065 79
1065 160
1065 160
1066 57
1066 79
1066 160
1066 160
1067 57
1067 79
1067 160
1067 160
1068 57
1068 79
1068 160
1068 160
1069 57
1069 79
1069 160
1069 160
1070 57
1070 79
1070 160
1070 160
1071 57
1071 79
1071 160
1071 160
1072 57
1072 79
1072 160
1072 160
1073 57
1073 79
1073 160
1073 160
1074 57
1074 79
1074 160
1074 160
1075 57
1075 79
1075 160
1075 160
1076 57
1076 79
1076 160
1076 160
1076 160
1076 160
1077 57
1077 79
1077 160
1077 160
1077 160
1077 160
1078 57
1078 79
1078 160
1078 160
1078 160
1078 160
1079 57
1079 79
1079 160
1079 160
1079 160
1079 160
1080 57
1080 79
1080 160
1080 160
1080 160
1080 160
1081 57
1081 79
1081 160
1081 160
1081 160
1081 160
1082 57
1082 79
1082 160
1082 160
1082 160
1082 160
1083 57
1083 79
1083 160
1083 160
1083 160
1083 160
1084 57
1084 79
1084 160
1084 160
1084 160
1084 160
1085 57
1085 79
1085 160
1085 160
1085 160
1085 160
1085 1016
1086 57
1086 79
1086 160
1086 160
1086 160
1086 160
1087 57
1087 79
1087 160
1087 160
1088 57
1088 79
1088 160
1088 160
1089 57
1089 79
1089 160
1089 160
1090 57
1090 79
1090 160
1090 160
1091 57
1091 79
1091 160
1091 160
1092 57
1092 79
1092 160
1092 168
1092 160
1092 168
1093 57
1093 79
1093 160
1093 160
1094 57
1094 79
1094 160
1094 160
1095 57
1095 79
1095 160
1095 160
1096 57
1096 79
1096 160
1096 160
1096 265
1097 57
1097 79
1097 160
1097 160
1098 57
1098 79
1098 160
1098 160
1099 57
1099 79
1099 160
1099 160
1100 57
1100 79
1100 160
1100 160
1101 57
1101 79
1101 160
1101 160
1102 57
1102 79
1102 160
1102 160
1103 57
1103 79
1103 160
1103 160
1104 57
1104 79
1104 160
1104 160
1105 57
1105 79
1105 160
1105 160
1106 57
1106 79
1106 160
1106 160
1107 57
1107 79
1107 160
1107 160
1108 57
1108 79
1108 160
1108 160
1109 57
1109 79
1109 160
1109 160
1110 57
1110 79
1110 160
1110 160
1111 57
1111 79
1111 160
1111 160
1112 57
1112 79
1112 160
1112 160
1113 57
1113 79
1113 160
1113 160
1114 57
1114 79
1114 160
1114 160
1115 57
1115 79
1115 160
1115 160
1116 57
1116 79
1116 160
1116 160
1116 1260
1117 57
1117 79
1117 160
1117 160
1118 57
1118 79
1118 160
1118 160
1119 57
1119 79
1119 160
1119 160
1120 57
1120 79
1120 160
1120 160
1121 57
1121 79
1121 160
1121 160
1121 385
1122 57
1122 79
1122 160
1122 160
1123 57
1123 79
1123 160
1123 160
1123 145
1123 145
1124 57
1124 79
1124 160
1124 160
1125 57
1125 79
1125 160
1125 160
1126 57
1126 79
1126 160
1126 160
1127 57
1127 79
1127 160
1127 160
1128 57
1128 79
1128 160
1128 160
1129 57
1129 79
1129 160
1129 160
1130 57
1130 79
1130 160
1130 160
1131 57
1131 79
1131 160
1131 160
1132 57
1132 79
1132 160
1132 160
1133 57
1133 79
1133 160
1133 160
1134 57
1134 79
1134 160
1134 160
1135 57
1135 79
1135 160
1135 160
1136 57
1136 79
1136 160
1136 160
1137 57
1137 79
1137 160
1137 160
1138 57
1138 79
1138 160
1138 160
1139 57
1139 79
1139 160
1139 160
1140 57
1140 79
1140 160
1140 160
1141 57
1141 79
1141 160
1141 160
1142 57
1142 79
1142 160
1142 160
1143 57
1143 79
1143 160
1143 160
1144 57
1144 79
1144 160
1144 160
1145 57
1145 79
1145 160
1145 160
1146 57
1146 79
1146 160
1146 160
1147 57
1147 79
1147 160
1147 160
1148 57
1148 79
1148 160
1148 160
1148 160
1148 160
1149 57
1149 79
1149 160
1149 160
1149 160
1149 160
1150 57
1150 79
1150 160
1150 160
1150 160
1150 160
1151 57
1151 79
1151 160
1151 160
1152 57
1152 79
1152 160
1152 160
1153 57
1153 79
1153 160
1153 160
1154 57
1154 79
1154 160
1154 160
1154 1187
1154 1213
1155 57
1155 79
1155 160
1155 160
1156 57
1156 79
1156 160
1156 160
1157 302
1157 272
1157 59
1157 1835
1157 231
1157 979
1158 59
1158 87
1158 426
1158 739
1158 296
1159 60
1159 182
1159 182
1159 191
1159 250
1159 211
1159 1026
1159 739
1160 61
1160 1359
1160 984
1161 121
1161 1369
1161 62
1161 662
1162 507
1162 63
1163 175
1163 175
1163 63
1163 739
1163 258
1164 83
1164 103
1164 64
1164 1282
1165 1437
1165 65
1165 1414
1166 66
1166 231
1166 979
1166 739
1167 83
1167 231
1167 523
1167 979
1167 67
1168 67
1168 67
1168 775
1168 1152
1168 1562
1169 67
1169 443
1169 137
1169 137
1170 68
1170 143
1170 143
1170 193
1171 68
1171 471
1171 739
1171 153
1171 153
1172 68
1172 739
1172 231
1172 979
1173 68
1173 367
1173 739
1173 231
1173 979
1174 68
1174 902
1174 462
1174 231
1174 979
1175 68
1175 87
1175 426
1175 228
1176 1580
1176 70
1176 1523
1176 69
1176 1307
1176 349
1176 318
1177 70
1177 85
1177 330
1177 495
1178 900
1178 110
1178 71
1178 1631
1179 1185
1179 1216
1179 73
1179 739
1180 74
1180 403
1180 877
1180 1072
1181 75
1181 739
1181 135
1181 135
1182 182
1182 182
1182 74
1182 919
1183 74
1183 163
1183 163
1183 971
1183 902
1184 74
1184 220
1184 220
1184 215
1184 106
1184 463
1184 498
1184 570
1184 739
1184 739
1185 77
1185 471
1185 475
1185 570
1185 678
1185 600
1185 1109
1185 739
1185 739
1185 153
1185 153
1185 739
1186 124
1186 78
1186 196
1186 163
1186 163
1186 971
1187 78
1187 87
1187 426
1187 289
1188 78
1188 196
1188 228
1188 387
1188 739
1188 153
1189 79
1189 128
1189 160
1189 160
1189 57
1190 161
1190 161
1190 80
1190 1196
1191 80
1191 640
1191 645
1191 1267
1192 82
1192 141
1192 141
1192 1186
1192 1341
1193 739
1193 739
1193 739
1193 739
1193 739
1193 739
1193 82
1194 448
1194 83
1194 31
1194 1389
1194 549
1195 83
1195 1745
1195 146
1195 146
1195 727
1196 319
1196 727
1196 84
1196 1782
1197 84
1197 1367
1197 1759
1198 358
1198 667
1198 167
1198 167
1198 1353
1198 218
1198 1614
1198 278
1198 109
1198 481
1198 84
1198 1195
1199 84
1199 584
1199 761
1199 1839
1199 1080
1200 199
1200 85
1200 349
1200 1686
1201 272
1201 344
1201 218
1201 85
1202 85
1202 174
1202 174
1202 1083
1203 86
1203 163
1203 163
1203 971
1204 117
1204 116
1204 87
1204 426
1205 87
1205 426
1205 330
1205 346
1206 967
1206 1787
1206 1401
1206 87
1206 426
1207 163
1207 163
1207 971
1207 87
1207 426
1208 957
1208 87
1208 426
1208 792
1209 87
1209 426
1209 992
1209 1633
1210 87
1210 426
1210 758
1210 185
1210 294
1211 245
1211 87
1211 426
1211 236
1212 349
1212 647
1212 87
1212 426
1213 295
1213 152
1213 152
1213 87
1213 426
1214 87
1214 193
1214 426
1215 87
1215 137
1215 137
1215 426
1216 163
1216 163
1216 971
1216 87
1216 426
1217 87
1217 426
1217 433
1217 217
1218 87
1218 426
1218 739
1218 739
1218 153
1218 153
1219 87
1219 426
1219 408
1219 1743
1220 87
1220 426
1220 595
1220 152
1220 152
1221 163
1221 163
1221 971
1221 87
1221 426
1222 87
1222 426
1222 239
1222 1624
1223 123
1223 87
1223 426
1223 1109
1224 87
1224 426
1224 216
1224 221
1225 87
1225 426
1225 739
1225 739
1226 902
1226 87
1226 426
1226 739
1227 87
1227 426
1227 184
1227 184
1227 292
1228 87
1228 426
1228 93
1228 739
1228 739
1228 739
1229 230
1229 87
1229 426
1229 92
1229 844
1229 145
1229 145
1229 278
1230 87
1230 426
1230 487
1230 389
1230 389
1230 605
1231 87
1231 426
1231 135
1231 135
1232 87
1232 426
1232 668
1233 87
1233 426
1233 495
1233 727
1234 87
1234 426
1234 707
1234 413
1235 105
1235 87
1235 426
1235 314
1236 87
1236 426
1236 153
1236 153
1237 87
1237 426
1237 163
1237 163
1237 971
1238 87
1238 426
1238 439
1238 216
1239 248
1239 1237
1239 87
1239 426
1239 225
1239 659
1239 394
1240 187
1240 239
1240 87
1240 426
1241 87
1241 426
1241 382
1241 102
1242 182
1242 182
1242 87
1242 426
1243 87
1243 426
1243 495
1243 494
1244 87
1244 126
1244 354
1244 426
1245 87
1245 426
1245 311
1245 772
1246 87
1246 426
1246 457
1247 87
1247 426
1247 739
1247 739
1248 87
1248 426
1248 1091
1248 1078
1249 308
1249 87
1249 301
1249 426
1249 1419
1250 87
1250 426
1250 989
1250 989
1251 87
1251 426
1251 426
1251 739
1252 87
1252 426
1252 153
1252 153
1253 87
1253 426
1253 150
1253 150
1254 87
1254 426
1254 1109
1255 87
1255 426
1255 231
1255 979
1255 153
1255 153
1256 87
1256 426
1256 902
1256 614
1256 654
1256 739
1256 153
1256 153
1257 126
1257 127
1257 254
1257 87
1257 426
1258 87
1258 426
1258 279
1258 463
1258 463
1258 453
1258 1298
1258 670
1258 739
1259 87
1259 426
1259 487
1259 258
1260 87
1260 426
1260 219
1260 153
1260 153
1261 87
1261 426
1261 378
1261 310
1262 87
1262 426
1262 106
1262 463
1262 1288
1262 263
1262 620
1262 387
1262 893
1262 1577
1262 468
1262 1000
1263 87
1263 426
1263 153
1263 153
1263 739
1264 87
1264 426
1264 252
1264 216
1264 106
1264 454
1264 486
1264 739
1264 258
1265 87
1265 426
1265 1226
1265 1209
1266 88
1266 996
1266 1016
1266 581
1266 959
1267 570
1267 90
1267 211
1267 1026
1267 153
1267 153
1268 90
1268 739
1268 153
1268 153
1269 1174
1269 191
1269 246
1269 90
1270 90
1270 739
1270 153
1270 153
1270 231
1270 739
1270 979
1271 971
1271 463
1271 440
1271 90
1272 732
1272 91
1273 91
1273 153
1273 153
1274 428
1274 1429
1274 91
1274 743
1275 96
1275 1360
1275 91
1275 1651
1276 140
1276 140
1276 91
1276 344
1277 92
1277 156
1277 156
1278 739
1278 93
1278 739
1279 739
1279 93
1279 739
1279 739
1280 1296
1280 739
1280 739
1280 739
1280 739
1280 94
1280 93
1280 739
1280 739
1280 516
1280 744
1280 739
1280 823
1280 739
1280 300
1281 93
1281 739
1281 739
1281 509
1282 93
1282 94
1282 739
1282 739
1282 739
1282 739
1282 739
1282 739
1282 739
1282 739
1282 739
1282 739
1282 739
1283 739
1283 739
1283 1182
1283 93
1283 739
1284 94
1284 739
1284 739
1285 371
1285 97
1285 106
1285 463
1285 475
1285 153
1285 153
1285 231
1285 979
1286 98
1286 241
1286 809
1286 1154
1287 98
1287 429
1287 162
1287 162
1287 346
1288 285
1288 98
1288 170
1288 170
1289 99
1289 136
1289 136
1289 136
1289 136
1290 189
1290 382
1290 137
1290 137
1290 99
1290 1000
1290 884
1290 1109
1290 1109
1290 739
1291 366
1291 99
1291 386
1291 1219
1291 549
1291 1252
1291 1411
1291 1109
1292 99
1292 99
1292 99
1292 266
1292 475
1292 1109
1293 101
1293 804
1293 513
1293 449
1293 877
1294 102
1294 1504
1295 299
1295 1337
1295 1478
1295 1496
1295 306
1295 643
1295 331
1295 1495
1295 760
1295 430
1295 710
1295 484
1295 266
1295 703
1295 1387
1295 1775
1295 419
1295 103
1296 106
1296 570
1296 620
1296 211
1296 1026
1296 208
1296 153
1296 153
1297 106
1297 153
1297 153
1297 739
1297 739
1297 739
1298 106
1298 351
1298 153
1298 153
1299 106
1299 463
1299 463
1299 902
1299 387
1300 106
1300 396
1300 475
1300 570
1300 910
1300 298
1300 208
1300 1109
1300 153
1300 153
1301 228
1301 463
1301 463
1301 106
1301 739
1301 739
1302 463
1302 902
1302 106
1302 351
1302 387
1302 211
1302 1026
1302 208
1302 296
1303 106
1303 454
1303 739
1303 979
1304 106
1304 463
1304 570
1304 600
1304 739
1305 116
1305 106
1305 230
1305 387
1305 909
1305 739
1305 349
1306 106
1306 912
1306 739
1306 153
1306 153
1307 902
1307 106
1307 570
1307 153
1307 153
1308 106
1308 463
1308 471
1308 510
1308 1507
1308 231
1308 979
1308 739
1309 106
1309 902
1309 739
1309 739
1310 107
1310 344
1310 562
1310 316
1311 1382
1311 472
1311 460
1311 945
1311 280
1311 1485
1311 1032
1311 1630
1311 108
1311 145
1311 145
1311 1555
1311 1627
1311 1363
1311 1488
1311 617
1311 174
1312 389
1312 390
1312 108
1312 390
1313 696
1313 109
1313 778
1313 727
1313 1293
1314 112
1314 1211
1314 1222
1314 1358
1314 1489
1314 1233
1315 900
1315 112
1315 1358
1315 1489
1315 1211
1315 1234
1315 1241
1315 1447
1316 1222
1316 112
1316 1491
1316 1211
1317 112
1317 1358
1317 1491
1317 1222
1318 720
1318 700
1318 113
1318 929
1319 142
1319 142
1319 113
1319 929
1320 739
1320 739
1320 739
1320 113
1320 1206
1320 1253
1320 545
1320 929
1321 189
1321 186
1321 181
1321 181
1321 113
1322 133
1322 117
1322 115
1322 654
1322 144
1322 144
1322 258
1322 231
1322 979
1322 739
1323 116
1323 131
1323 570
1323 739
1324 133
1324 116
1324 569
1324 739
1325 116
1325 182
1325 182
1325 367
1325 387
1325 739
1326 133
1326 116
1326 123
1326 1000
1327 116
1327 133
1327 231
1327 739
1327 979
1328 124
1328 123
1328 117
1328 117
1329 118
1329 239
1329 153
1329 153
1330 122
1330 1044
1330 317
1330 1107
1330 1365
1331 123
1331 182
1331 182
1331 191
1332 123
1332 268
1332 463
1332 739
1333 125
1333 739
1333 739
1334 128
1334 160
1334 160
1334 235
1334 14
1335 128
1335 160
1335 160
1335 235
1335 14
1336 128
1336 160
1336 160
1336 235
1336 14
1337 128
1337 160
1337 160
1337 235
1337 14
1338 128
1338 160
1338 160
1338 235
1338 14
1339 128
1339 160
1339 160
1339 235
1339 14
1340 128
1340 160
1340 160
1340 57
1340 79
1341 128
1341 160
1341 160
1341 57
1341 79
1342 128
1342 160
1342 160
1342 57
1342 79
1343 128
1343 160
1343 160
1343 57
1343 79
1344 128
1344 160
1344 160
1344 57
1344 79
1345 128
1345 160
1345 160
1345 1654
1346 128
1346 160
1346 160
1346 1622
1347 128
1347 160
1347 160
1347 1622
1348 128
1348 160
1348 160
1348 1575
1349 128
1349 160
1349 160
1349 1692
1350 128
1350 160
1350 160
1350 1654
1351 128
1351 160
1351 160
1352 128
1352 160
1352 160
1353 128
1353 160
1353 160
1354 128
1354 160
1354 160
1354 1600
1355 128
1355 160
1355 160
1356 128
1356 160
1356 160
1356 1711
1357 128
1357 160
1357 160
1357 1620
1358 128
1358 160
1358 160
1358 1593
1359 128
1359 160
1359 160
1359 1619
1360 128
1360 160
1360 160
1360 1692
1361 128
1361 160
1361 160
1361 1593
1362 1246
1362 154
1362 154
1362 128
1362 160
1362 160
1362 1619
1363 128
1363 160
1363 160
1363 1579
1364 128
1364 160
1364 160
1364 1579
1365 128
1365 160
1365 160
1365 1619
1366 128
1366 160
1366 160
1366 1575
1367 128
1367 160
1367 160
1367 1654
1368 128
1368 160
1368 160
1368 1645
1369 128
1369 160
1369 160
1370 128
1370 160
1370 160
1370 1575
1371 128
1371 160
1371 160
1372 128
1372 160
1372 160
1372 1645
1373 128
1373 160
1373 160
1373 1619
1374 128
1374 160
1374 160
1375 128
1375 160
1375 160
1375 1593
1376 128
1376 160
1376 160
1376 1600
1377 978
1377 128
1377 160
1377 160
1378 128
1378 160
1378 160
1378 1645
1379 128
1379 160
1379 160
1379 1654
1380 128
1380 160
1380 160
1380 1600
1381 128
1381 160
1381 160
1381 1692
1382 128
1382 160
1382 160
1382 1692
1383 128
1383 160
1383 160
1383 994
1383 708
1384 128
1384 160
1384 160
1384 1579
1385 128
1385 160
1385 160
1385 1620
1386 128
1386 160
1386 160
1387 870
1387 128
1387 160
1387 160
1388 128
1388 160
1388 160
1388 1575
1389 128
1389 160
1389 160
1390 128
1390 160
1390 160
1390 1622
1391 128
1391 160
1391 160
1391 1622
1392 128
1392 160
1392 160
1392 1711
1393 128
1393 160
1393 160
1393 1711
1394 128
1394 160
1394 160
1394 1711
1395 128
1395 160
1395 160
1395 1600
1396 128
1396 160
1396 160
1396 1593
1397 128
1397 160
1397 160
1397 1620
1398 128
1398 160
1398 160
1399 128
1399 160
1399 160
1399 1620
1400 128
1400 160
1400 160
1400 1579
1401 1403
1401 128
1401 160
1401 160
1401 1645
1401 1849
1402 128
1402 160
1402 160
1402 235
1403 128
1403 160
1403 160
1403 235
1404 128
1404 160
1404 160
1404 235
1405 128
1405 160
1405 160
1405 235
1406 128
1406 160
1406 160
1406 235
1407 128
1407 160
1407 160
1407 235
1408 128
1408 160
1408 160
1408 235
1409 128
1409 160
1409 160
1409 235
1410 128
1410 160
1410 160
1410 235
1411 130
1411 163
1411 163
1411 971
1412 133
1412 182
1412 182
1412 455
1412 739
1413 133
1413 182
1413 182
1413 153
1413 153
1414 133
1414 739
1414 739
1414 739
1415 134
1415 351
1415 211
1415 1026
1416 236
1416 135
1416 135
1417 136
1417 136
1417 136
1417 136
1418 136
1418 136
1418 136
1418 136
1419 545
1419 545
1419 137
1419 137
1420 759
1420 1563
1420 1744
1420 137
1420 137
1421 137
1421 137
1421 137
1421 137
1422 137
1422 137
1422 137
1422 137
1423 298
1423 137
1423 137
1424 137
1424 137
1424 267
1425 483
1425 230
1425 137
1425 137
1425 318
1425 739
1426 137
1426 137
1426 750
1426 481
1426 1673
1427 137
1427 137
1427 231
1427 979
1428 739
1428 137
1428 137
1428 1642
1428 231
1428 979
1429 213
1429 106
1429 137
1429 137
1430 381
1430 137
1430 137
1430 1109
1430 739
1430 231
1430 979
1430 1109
1431 902
1431 453
1431 678
1431 137
1431 137
1432 463
1432 569
1432 137
1432 137
1432 510
1432 231
1432 979
1432 739
1433 471
1433 137
1433 137
1433 979
1434 137
1434 137
1434 153
1434 153
1435 453
1435 670
1435 137
1435 137
1436 213
1436 137
1436 137
1436 153
1436 153
1437 321
1437 137
1437 137
1437 298
1437 1000
1438 137
1438 137
1438 137
1438 137
1439 226
1439 138
1439 138
1439 333
1440 139
1440 139
1440 382
1440 755
1441 140
1441 140
1441 586
1441 1218
1441 397
1441 483
1442 140
1442 140
1442 449
1442 497
1443 140
1443 140
1443 417
1443 325
1444 140
1444 140
1444 1335
1444 1183
1445 271
1445 144
1445 144
1446 495
1446 225
1446 144
1446 144
1446 860
1446 815
1447 417
1447 646
1447 1070
1447 145
1447 145
1448 1153
1448 145
1448 145
1448 923
1448 1781
1448 907
1448 537
1449 145
1449 145
1449 727
1449 1659
1450 145
1450 145
1451 145
1451 145
1451 145
1451 145
1452 145
1452 145
1452 934
1452 621
1452 495
1453 145
1453 145
1453 366
1454 145
1454 145
1454 145
1454 145
1455 741
1455 146
1455 146
1456 146
1456 146
1456 167
1456 167
1457 146
1457 146
1457 500
1457 270
1458 146
1458 146
1458 267
1458 318
1459 1111
1459 146
1459 146
1459 463
1459 1109
1459 739
1460 1015
1460 148
1460 148
1460 1101
1460 1818
1461 149
1461 149
1461 379
1461 1820
1462 401
1462 640
1462 1443
1462 1309
1462 149
1462 149
1463 149
1463 149
1463 349
1463 1479
1464 383
1464 150
1464 150
1464 485
1465 150
1465 150
1465 169
1465 169
1465 390
1466 150
1466 150
1466 607
1466 739
1467 150
1467 150
1467 487
1467 330
1468 424
1468 150
1468 150
1469 151
1469 151
1469 156
1469 156
1470 152
1470 152
1470 387
1471 236
1471 400
1471 152
1471 152
1472 487
1472 152
1472 152
1472 1083
1473 382
1473 152
1473 152
1473 216
1474 417
1474 739
1474 153
1474 153
1474 231
1474 979
1475 367
1475 510
1475 739
1475 153
1475 153
1476 899
1476 1011
1476 153
1476 153
1477 367
1477 1109
1477 153
1477 153
1478 196
1478 153
1478 153
1478 739
1479 739
1479 153
1479 153
1480 570
1480 739
1480 153
1480 153
1480 739
1481 902
1481 750
1481 298
1481 153
1481 153
1482 1109
1482 739
1482 153
1482 153
1483 1499
1483 600
1483 231
1483 979
1483 153
1483 153
1483 739
1484 475
1484 570
1484 600
1484 153
1484 153
1485 153
1485 153
1485 739
1485 739
1486 153
1486 153
1486 231
1486 979
1487 739
1487 739
1487 153
1487 153
1487 739
1488 1227
1488 349
1488 419
1488 739
1488 739
1488 153
1488 153
1489 213
1489 739
1489 153
1489 153
1490 381
1490 939
1490 153
1490 153
1491 670
1491 298
1491 153
1491 153
1491 739
1492 617
1492 153
1492 153
1492 739
1493 1254
1493 414
1493 739
1493 153
1493 153
1493 216
1494 443
1494 231
1494 979
1494 153
1494 153
1495 739
1495 739
1495 153
1495 153
1496 153
1496 153
1496 231
1496 979
1497 231
1497 739
1497 739
1497 979
1497 153
1497 153
1498 196
1498 739
1498 153
1498 153
1499 462
1499 153
1499 153
1499 231
1499 979
1500 298
1500 739
1500 153
1500 153
1500 408
1501 739
1501 153
1501 153
1501 1109
1502 153
1502 153
1502 231
1502 979
1503 739
1503 231
1503 153
1503 153
1504 232
1504 796
1504 1366
1504 153
1504 153
1504 739
1505 455
1505 453
1505 153
1505 153
1506 367
1506 387
1506 153
1506 153
1507 739
1507 153
1507 153
1507 739
1508 1188
1508 600
1508 211
1508 1026
1508 739
1508 231
1508 979
1508 153
1508 153
1509 639
1509 750
1509 739
1509 153
1509 153
1509 1109
1510 208
1510 153
1510 153
1510 739
1511 391
1511 1540
1511 233
1511 1123
1511 208
1511 739
1511 153
1511 153
1511 1109
1512 471
1512 739
1512 739
1512 231
1512 979
1512 153
1512 153
1512 739
1513 153
1513 153
1513 739
1513 739
1514 403
1514 298
1514 153
1514 153
1514 1109
1515 236
1515 739
1515 153
1515 153
1516 211
1516 1026
1516 739
1516 153
1516 153
1517 231
1517 979
1517 153
1517 153
1518 739
1518 739
1518 153
1518 153
1518 739
1519 475
1519 153
1519 153
1519 979
1519 231
1520 1220
1520 454
1520 453
1520 570
1520 211
1520 1026
1520 153
1520 153
1521 600
1521 739
1521 153
1521 153
1522 462
1522 585
1522 698
1522 608
1522 739
1522 231
1522 979
1522 153
1522 153
1523 1178
1523 209
1523 1094
1523 153
1523 153
1524 367
1524 739
1524 153
1524 153
1525 182
1525 182
1525 739
1525 739
1525 153
1525 153
1526 600
1526 153
1526 153
1526 1109
1527 211
1527 1026
1527 739
1527 153
1527 153
1528 670
1528 231
1528 739
1528 979
1528 153
1528 153
1528 296
1529 215
1529 437
1529 600
1529 464
1529 208
1529 739
1529 153
1529 153
1530 739
1530 153
1530 153
1531 1109
1531 231
1531 979
1531 153
1531 153
1532 191
1532 391
1532 828
1532 861
1532 842
1532 739
1532 153
1532 153
1533 876
1533 153
1533 153
1533 231
1533 979
1534 231
1534 979
1534 153
1534 153
1535 1109
1535 153
1535 153
1535 739
1535 764
1536 858
1536 208
1536 739
1536 739
1536 153
1536 153
1537 1109
1537 153
1537 153
1537 231
1537 979
1538 231
1538 739
1538 979
1538 153
1538 153
1538 739
1539 367
1539 443
1539 153
1539 153
1540 1109
1540 739
1540 739
1540 153
1540 153
1540 1109
1541 330
1541 739
1541 153
1541 153
1542 559
1542 739
1542 153
1542 153
1543 739
1543 153
1543 153
1543 231
1543 979
1544 739
1544 153
1544 153
1544 231
1544 979
1544 739
1545 371
1545 371
1545 371
1545 371
1545 371
1545 371
1545 371
1545 371
1545 371
1545 739
1545 153
1545 153
1546 739
1546 739
1546 153
1546 153
1547 153
1547 153
1547 739
1547 739
1548 739
1548 153
1548 153
1548 231
1548 979
1548 1109
1549 1245
1549 471
1549 585
1549 609
1549 909
1549 739
1549 153
1549 153
1550 246
1550 153
1550 153
1550 739
1551 463
1551 902
1551 739
1551 153
1551 153
1552 153
1552 153
1552 208
1553 552
1553 1534
1553 153
1553 153
1554 389
1554 153
1554 153
1555 153
1555 153
1555 349
1555 617
1556 153
1556 153
1556 1397
1556 989
1557 154
1557 154
1557 436
1557 1808
1558 154
1558 154
1558 917
1558 332
1558 417
1559 154
1559 154
1559 1182
1559 739
1560 156
1560 156
1560 180
1560 180
1560 223
1561 156
1561 156
1562 156
1562 156
1562 1822
1562 1422
1563 156
1563 156
1563 1486
1563 1273
1564 156
1564 156
1564 356
1564 389
1565 1339
1565 156
1565 156
1565 188
1566 1225
1566 417
1566 156
1566 156
1566 273
1567 159
1567 159
1567 159
1567 159
1568 599
1568 159
1568 159
1568 883
1569 159
1569 159
1569 1013
1569 1052
1569 1823
1569 1500
1570 216
1570 292
1570 900
1570 159
1570 159
1570 233
1570 159
1570 159
1570 775
1570 489
1570 1621
1570 263
1570 318
1570 756
1570 591
1571 160
1571 160
1571 235
1571 14
1571 128
1572 160
1572 160
1572 235
1572 14
1572 128
1573 161
1573 161
1573 1471
1573 1543
1574 169
1574 169
1574 162
1574 162
1575 162
1575 162
1575 260
1575 1062
1576 162
1576 162
1576 182
1576 182
1577 239
1577 163
1577 163
1577 971
1578 163
1578 163
1578 349
1578 971
1579 902
1579 163
1579 163
1579 971
1580 163
1580 163
1580 971
1581 163
1581 163
1581 971
1581 349
1582 349
1582 163
1582 163
1582 971
1583 195
1583 163
1583 163
1583 971
1584 163
1584 163
1584 971
1584 239
1585 349
1585 163
1585 163
1585 971
1586 163
1586 163
1586 971
1586 278
1586 1059
1587 193
1587 163
1587 163
1587 971
1588 163
1588 163
1588 971
1588 451
1589 163
1589 163
1589 971
1590 739
1590 739
1590 163
1590 163
1590 971
1591 163
1591 163
1591 971
1591 1642
1592 163
1592 163
1592 971
1592 1129
1593 163
1593 163
1593 936
1593 971
1594 339
1594 163
1594 163
1594 971
1595 163
1595 163
1595 971
1596 163
1596 163
1596 971
1596 1343
1597 163
1597 163
1597 971
1597 1765
1598 163
1598 163
1598 971
1598 163
1598 163
1598 971
1599 239
1599 163
1599 163
1599 971
1600 163
1600 163
1600 971
1600 971
1601 163
1601 163
1601 971
1601 681
1601 184
1602 163
1602 163
1602 971
1602 1109
1603 193
1603 163
1603 163
1603 971
1604 163
1604 163
1604 971
1604 504
1605 163
1605 163
1605 971
1605 1629
1606 163
1606 163
1606 201
1606 971
1607 163
1607 163
1607 971
1607 349
1608 971
1608 163
1608 163
1608 971
1609 163
1609 163
1609 971
1609 1098
1610 163
1610 163
1610 971
1610 902
1610 163
1610 163
1610 971
1611 163
1611 163
1611 239
1611 971
1611 239
1612 163
1612 163
1612 971
1612 971
1613 163
1613 163
1613 971
1613 826
1614 163
1614 163
1614 218
1614 971
1615 971
1615 163
1615 163
1615 971
1615 206
1615 369
1616 196
1616 163
1616 163
1616 971
1617 163
1617 163
1617 407
1617 971
1618 239
1618 163
1618 163
1618 971
1618 971
1619 163
1619 163
1619 163
1619 163
1619 971
1619 971
1620 163
1620 163
1620 971
1620 971
1621 779
1621 164
1621 164
1621 1582
1622 612
1622 1546
1622 164
1622 164
1622 637
1623 172
1623 172
1623 164
1623 164
1624 166
1624 166
1624 165
1624 165
1625 166
1625 166
1625 345
1625 352
1625 390
1626 167
1626 167
1626 239
1626 288
1627 168
1627 168
1627 477
1628 307
1628 168
1628 168
1628 1132
1629 379
1629 439
1629 169
1629 169
1630 169
1630 169
1630 403
1630 404
1631 217
1631 171
1631 171
1631 1083
1632 173
1632 173
1632 230
1632 1292
1633 1018
1633 1117
1633 174
1633 174
1634 275
1634 174
1634 174
1634 497
1635 177
1635 177
1635 1162
1635 1140
1636 1197
1636 259
1636 178
1636 178
1637 179
1637 179
1637 1159
1638 180
1638 180
1638 223
1638 1210
1639 180
1639 180
1639 223
1639 667
1640 182
1640 182
1640 1115
1640 1488
1641 1236
1641 268
1641 182
1641 182
1642 1276
1642 182
1642 182
1642 530
1643 182
1643 182
1643 495
1643 318
1643 400
1643 689
1644 182
1644 182
1644 302
1644 402
1645 182
1645 182
1645 250
1645 443
1646 182
1646 182
1646 739
1646 764
1647 204
1647 183
1647 183
1647 979
1648 187
1648 187
1648 239
1649 190
1649 314
1649 456
1649 1171
1649 739
1649 739
1649 739
1649 739
1649 739
1650 196
1650 191
1650 1342
1650 471
1650 739
1651 193
1651 237
1651 1249
1651 255
1652 1294
1652 677
1652 197
1652 227
1652 527
1653 200
1653 274
1653 437
1653 902
1654 365
1654 409
1654 715
1654 201
1655 431
1655 202
1655 1011
1655 847
1655 1047
1656 202
1656 517
1657 206
1657 531
1657 206
1657 339
1658 239
1658 206
1658 206
1658 206
1659 206
1659 206
1659 206
1660 208
1660 971
1660 287
1661 455
1661 1000
1661 208
1661 258
1661 739
1662 209
1662 363
1662 450
1662 362
1663 210
1663 498
1663 507
1663 764
1663 1269
1664 211
1664 1026
1664 631
1664 631
1665 600
1665 211
1665 1026
1665 739
1665 739
1666 211
1666 1026
1666 258
1666 231
1666 979
1667 211
1667 1026
1667 739
1667 231
1667 979
1667 739
1667 296
1668 191
1668 213
1668 250
1668 381
1668 211
1668 1026
1669 216
1669 216
1669 216
1669 212
1670 213
1670 1803
1670 1109
1670 258
1671 213
1671 667
1671 600
1671 739
1672 214
1672 350
1672 863
1673 457
1673 699
1673 216
1673 673
1674 216
1674 466
1674 739
1674 1549
1674 739
1675 364
1675 839
1675 221
1675 1819
1676 485
1676 233
1676 222
1676 1789
1677 224
1678 890
1678 1048
1678 227
1678 931
1678 811
1679 370
1679 325
1679 227
1679 932
1680 228
1680 191
1680 250
1680 403
1681 230
1681 388
1681 462
1681 748
1682 230
1682 231
1682 979
1682 739
1683 244
1683 739
1683 739
1683 231
1683 979
1684 560
1684 739
1684 1019
1684 231
1684 979
1684 739
1685 231
1685 979
1685 739
1685 739
1686 288
1686 739
1686 231
1686 979
1687 231
1687 979
1687 739
1687 296
1688 268
1688 520
1688 739
1688 231
1688 979
1689 381
1689 487
1689 231
1689 979
1690 902
1690 600
1690 834
1690 739
1690 231
1690 979
1691 231
1691 979
1691 739
1691 258
1692 1568
1692 1567
1692 739
1692 775
1692 451
1692 231
1692 979
1692 739
1692 739
1692 739
1693 739
1693 739
1693 231
1693 979
1693 739
1694 231
1694 258
1694 739
1694 979
1695 678
1695 1109
1695 739
1695 231
1695 979
1695 258
1696 739
1696 231
1696 979
1696 739
1696 739
1696 739
1697 391
1697 739
1697 231
1697 979
1698 859
1698 258
1698 739
1698 739
1698 231
1698 979
1699 418
1699 231
1699 447
1699 979
1700 231
1700 258
1700 979
1701 620
1701 231
1701 979
1701 739
1702 231
1702 231
1702 979
1702 979
1703 1247
1703 231
1703 979
1704 231
1704 979
1704 231
1704 979
1705 422
1705 1475
1705 812
1705 234
1705 943
1706 868
1706 1385
1706 234
1706 1386
1707 235
1707 57
1707 79
1707 128
1707 128
1707 160
1707 160
1708 235
1708 14
1708 128
1708 160
1709 259
1709 238
1709 259
1709 259
1710 239
1710 1007
1710 258
1711 994
1711 1064
1711 1303
1711 240
1711 349
1712 242
1712 240
1712 664
1712 257
1713 241
1713 484
1713 727
1713 1594
1713 1674
1714 247
1715 248
1715 465
1715 745
1715 747
1715 1023
1715 1058
1716 806
1716 249
1716 1640
1717 474
1717 637
1717 251
1717 1012
1718 253
1718 920
1718 1696
1718 724
1718 627
1718 628
1719 255
1719 301
1719 268
1719 487
1720 274
1720 276
1720 1255
1720 255
1721 739
1721 739
1721 258
1721 764
1722 391
1722 453
1722 667
1722 739
1722 258
1723 510
1723 322
1723 1109
1723 739
1723 258
1724 475
1724 387
1724 1109
1724 739
1724 258
1725 453
1725 570
1725 648
1725 721
1725 909
1725 1640
1725 1109
1725 258
1725 739
1725 1109
1726 475
1726 670
1726 258
1726 739
1727 813
1727 928
1727 1037
1727 739
1727 258
1728 471
1728 475
1728 570
1728 387
1728 739
1728 258
1728 1109
1729 330
1729 258
1729 739
1729 739
1730 260
1730 1062
1730 928
1731 261
1731 508
1731 620
1731 706
1731 913
1732 35
1732 263
1732 299
1732 1109
1733 740
1733 1031
1733 1250
1733 264
1734 263
1734 981
1734 1013
1734 1035
1734 632
1734 1084
1734 1824
1734 1153
1734 1069
1735 932
1735 980
1735 787
1735 267
1735 1038
1735 1075
1736 629
1736 568
1736 1165
1736 270
1737 270
1737 346
1737 1324
1737 1526
1738 1320
1738 273
1738 1172
1739 282
1739 1371
1739 458
1739 349
1740 283
1740 352
1740 1033
1740 827
1740 311
1741 284
1741 420
1741 429
1741 745
1742 291
1742 1266
1742 290
1742 917
1743 297
1743 478
1743 339
1744 300
1744 1283
1745 586
1745 746
1745 748
1745 863
1745 300
1745 646
1745 1108
1745 1149
1745 1106
1746 341
1746 566
1746 1489
1746 303
1746 1297
1747 311
1747 502
1747 793
1747 1142
1748 365
1748 1615
1748 1306
1748 312
1749 312
1749 573
1750 315
1750 789
1750 351
1750 913
1751 359
1751 317
1752 469
1752 683
1752 1143
1752 317
1753 317
1753 318
1753 495
1753 700
1754 548
1754 1611
1754 318
1754 492
1754 1167
1755 1126
1755 1102
1755 318
1755 1103
1756 811
1756 874
1756 318
1756 903
1757 319
1757 382
1757 1336
1758 493
1758 620
1758 360
1758 319
1758 933
1758 327
1758 697
1759 691
1759 771
1759 319
1760 319
1760 340
1760 1802
1760 1123
1761 339
1761 320
1761 739
1761 823
1762 1000
1762 1595
1762 523
1762 323
1763 323
1763 324
1763 325
1763 326
1763 360
1764 323
1764 325
1764 370
1764 1283
1765 323
1765 326
1765 360
1766 360
1766 325
1767 774
1767 327
1767 325
1768 325
1768 727
1768 729
1768 917
1769 902
1769 328
1769 631
1769 631
1770 853
1770 882
1770 603
1770 857
1770 330
1771 332
1771 369
1771 387
1771 397
1772 333
1772 756
1772 739
1773 334
1773 1044
1773 1535
1773 1693
1773 1821
1774 555
1774 660
1774 335
1774 706
1774 1612
1775 336
1775 638
1775 1539
1775 1767
1776 523
1776 337
1776 604
1777 338
1777 1383
1777 873
1777 378
1778 1284
1778 349
1778 339
1779 340
1779 864
1779 765
1779 1616
1779 1138
1780 505
1780 342
1780 1331
1780 733
1780 1212
1780 1075
1781 343
1782 544
1782 1301
1782 1302
1782 1348
1782 1484
1782 344
1782 1380
1783 641
1783 651
1783 652
1783 344
1783 694
1783 693
1784 468
1784 845
1784 344
1784 925
1784 1841
1785 344
1785 781
1785 828
1785 938
1785 972
1786 344
1786 887
1786 594
1786 1836
1786 523
1787 346
1787 587
1787 610
1787 1004
1787 958
1788 346
1788 416
1788 1412
1788 970
1789 480
1789 1668
1789 1623
1789 347
1790 271
1790 1760
1790 1024
1790 349
1791 350
1791 1257
1791 280
1792 510
1792 678
1792 351
1792 582
1792 1791
1792 1445
1793 1077
1793 373
1793 353
1794 354
1794 620
1794 1123
1794 1156
1794 1799
1795 1432
1795 830
1795 355
1795 33
1796 377
1796 361
1796 72
1796 661
1797 366
1797 454
1797 455
1797 789
1798 370
1798 1533
1798 1536
1798 697
1799 371
1799 371
1799 371
1799 371
1800 444
1800 372
1800 863
1800 1098
1801 1356
1801 1310
1801 375
1801 525
1802 376
1802 449
1802 542
1802 1164
1803 1056
1803 378
1803 876
1803 573
1804 378
1804 427
1804 727
1804 1566
1804 1816
1805 380
1805 1242
1805 1430
1805 1508
1805 854
1806 381
1806 789
1806 1109
1806 739
1806 739
1807 538
1807 382
1807 435
1807 879
1807 1748
1808 382
1808 1493
1808 558
1808 1438
1808 951
1808 882
1808 952
1809 382
1809 1181
1809 544
1809 687
1809 248
1810 384
1810 478
1810 1532
1810 1532
1811 389
1811 389
1811 389
1811 390
1812 1720
1812 38
1812 390
1812 390
1812 942
1812 1545
1813 473
1813 390
1813 1439
1814 393
1814 1402
1814 1040
1814 1112
1815 395
1815 583
1815 1198
1815 1204
1816 398
1816 459
1816 1053
1816 1328
1817 399
1817 571
1817 572
1818 403
1818 487
1818 569
1818 1852
1819 473
1819 405
1819 556
1819 556
1820 449
1820 406
1820 947
1820 920
1820 786
1821 1391
1821 406
1822 776
1822 1100
1822 408
1822 1440
1823 410
1823 1462
1823 1289
1824 410
1824 1279
1824 1378
1825 320
1825 1046
1825 414
1825 964
1826 415
1826 739
1826 739
1826 739
1827 686
1827 449
1827 497
1827 831
1827 905
1827 421
1827 739
1828 545
1828 1473
1828 1373
1828 1717
1828 422
1828 1005
1828 1006
1828 1751
1828 1806
1829 423
1829 482
1830 425
1830 766
1830 1792
1831 426
1831 593
1831 498
1831 667
1832 426
1832 558
1832 1481
1832 739
1833 1207
1833 426
1833 244
1833 902
1834 945
1834 988
1834 991
1834 427
1834 800
1834 925
1835 627
1835 628
1835 427
1835 755
1835 1461
1835 651
1835 934
1836 427
1836 835
1836 1592
1836 930
1836 1485
1836 1169
1836 945
1837 427
1837 788
1837 1519
1837 708
1838 428
1838 428
1838 428
1838 428
1839 462
1839 428
1839 922
1839 544
1839 573
1840 491
1840 428
1841 1843
1841 432
1841 1105
1841 726
1842 434
1842 1408
1842 949
1843 435
1843 1586
1843 1736
1844 442
1844 1793
1844 1140
1845 602
1845 497
1845 1790
1845 449
1845 1160
1846 449
1846 880
1846 587
1846 1845
1847 1604
1847 449
1847 1054
1848 453
1848 454
1848 1000
1848 447
1849 454
1849 455
1849 510
1849 739
1850 455
1850 600
1850 739
1850 739
1851 456
1851 779
1851 960
1852 461
1852 674
1852 674
1853 690
1853 764
1853 598
1853 784
1853 792
1853 1531
1853 742
1853 462
1853 1450
1854 1077
1854 462
1854 598
1854 781
1855 462
1855 667
1855 966
1856 463
1856 462
1856 739
1856 739
1857 902
1857 463
1857 463
1857 1274
1858 463
1858 471
1858 475
1858 739
1858 739
1859 667
1859 467
1859 815
1859 1203
1860 1238
1860 1240
1860 468
1860 1122
1861 473
1861 468
1861 473
1862 470
1862 1073
1862 222
1862 832
1863 976
1863 473
1863 526
1863 728
1863 1131
1864 473
1864 1449
1864 800
1865 1474
1865 603
1865 857
1865 1060
1865 1704
1865 476
1865 1416
1866 800
1866 800
1866 1482
1866 477
1866 1161
1867 477
1867 620
1868 477
1868 490
1868 765
1868 1446
1869 780
1869 479
1869 862
1869 1010
1869 1723
1869 999
1870 576
1870 908
1870 480
1871 1391
1871 480
1871 1780
1872 481
1872 1027
1872 1039
1873 487
1873 739
1873 93
1874 496
1874 622
1874 652
1874 714
1874 627
1875 497
1875 1404
1875 611
1875 642
1875 1139
1876 497
1876 1163
1876 1121
1877 501
1877 1393
1877 1394
1878 503
1878 775
1878 1660
1878 1147
1879 506
1879 846
1880 1323
1880 997
1880 507
1880 1333
1881 508
1881 924
1881 666
1881 1829
1882 561
1882 630
1882 508
1882 1530
1883 578
1883 563
1883 511
1884 512
1884 1083
1884 1208
1884 526
1885 513
1885 603
1885 512
1885 882
1885 1448
1886 1069
1886 1079
1886 1755
1886 514
1887 515
1887 598
1887 784
1887 1578
1888 518
1888 1437
1888 614
1888 958
1888 1109
1888 739
1889 789
1889 518
1889 614
1889 667
1889 871
1889 739
1890 521
1890 522
1890 1405
1891 749
1891 705
1891 526
1891 1682
1891 1011
1891 1638
1891 1113
1892 720
1892 620
1892 526
1892 840
1892 1606
1893 615
1893 528
1893 705
1893 653
1893 862
1893 701
1893 1390
1893 924
1893 1505
1894 533
1894 1239
1894 1608
1895 1071
1895 539
1895 1047
1895 1769
1896 549
1896 1507
1896 540
1896 1588
1897 1286
1897 709
1897 541
1897 635
1898 1676
1898 896
1898 1698
1898 541
1898 1513
1899 544
1899 1554
1900 544
1900 573
1900 1348
1900 1379
1900 1553
1900 1554
1901 545
1901 70
1901 652
1901 1082
1901 947
1902 838
1902 918
1902 724
1902 548
1903 550
1903 1538
1903 1777
1903 1785
1904 550
1904 1626
1904 1630
1904 1777
1904 1785
1905 550
1905 1574
1905 1585
1906 551
1906 588
1907 552
1907 553
1907 1428
1907 964
1908 552
1908 553
1908 554
1908 554
1909 555
1909 1077
1909 1676
1909 1072
1910 555
1910 1399
1910 634
1911 557
1911 1529
1911 800
1912 564
1912 660
1912 648
1912 715
1913 666
1913 565
1913 620
1913 863
1914 567
1914 1184
1915 570
1915 1503
1915 1501
1915 677
1915 688
1915 1400
1916 574
1916 680
1916 626
1916 1597
1916 976
1916 1095
1916 1834
1917 616
1917 601
1917 575
1917 777
1917 1584
1917 620
1917 1072
1918 575
1918 658
1918 1639
1918 1317
1919 577
1919 1091
1919 1794
1920 579
1920 580
1920 1465
1920 1623
1921 581
1921 1608
1921 781
1921 747
1922 1564
1922 763
1922 863
1922 981
1922 589
1923 881
1923 1561
1923 663
1923 1670
1923 591
1923 1714
1923 854
1924 592
1924 692
1924 693
1925 593
1925 620
1925 739
1926 1144
1926 1368
1926 595
1927 941
1927 596
1927 1746
1927 1011
1928 597
1928 751
1928 631
1928 631
1928 863
1929 600
1929 739
1929 979
1929 231
1930 602
1930 1464
1930 1466
1930 1469
1930 1552
1931 602
1931 1467
1931 1469
1931 1551
1931 1468
1931 1550
1932 603
1932 948
1933 606
1934 920
1934 934
1934 608
1934 755
1935 787
1935 985
1935 608
1936 934
1936 608
1936 762
1936 1164
1937 764
1937 782
1937 784
1937 609
1937 657
1937 1011
1938 610
1938 920
1938 652
1938 1038
1939 695
1939 611
1939 624
1939 1480
1939 684
1940 610
1940 752
1940 894
1941 613
1941 627
1941 735
1942 615
1942 731
1942 1564
1942 886
1942 1739
1942 1740
1942 1741
1942 1828
1942 1827
1942 1825
1942 1826
1942 1829
1943 616
1943 1409
1943 1418
1944 617
1944 1076
1944 979
1944 231
1945 1128
1945 920
1945 1332
1945 1681
1945 618
1945 619
1945 719
1945 755
1945 1149
1946 1786
1946 1270
1946 619
1946 920
1947 1625
1947 761
1947 888
1947 619
1948 920
1948 755
1948 769
1948 1164
1948 619
1949 620
1949 962
1949 863
1949 1747
1949 1055
1949 620
1950 620
1950 974
1950 620
1950 863
1951 1848
1951 666
1951 620
1951 915
1952 620
1952 860
1952 682
1952 792
1953 1290
1953 900
1953 620
1954 755
1954 918
1954 1082
1954 623
1954 888
1955 1518
1955 623
1955 976
1956 1687
1956 1690
1956 626
1957 626
1957 749
1957 1013
1957 1008
1958 848
1958 840
1958 1643
1958 630
1958 1099
1958 1079
1958 1013
1959 667
1959 904
1959 636
1959 1361
1960 1221
1960 636
1961 637
1961 1002
1962 676
1962 1525
1962 641
1963 739
1963 643
1963 739
1963 1764
1964 651
1964 1576
1964 1470
1964 786
1964 947
1965 655
1965 1527
1966 688
1966 656
1966 1610
1966 1805
1967 810
1967 1071
1967 665
1968 667
1968 995
1968 1071
1968 1354
1968 1088
1968 1087
1969 818
1969 671
1969 1814
1970 700
1970 672
1970 727
1970 1508
1970 1663
1971 675
1971 878
1971 879
1971 544
1972 781
1972 783
1972 891
1972 679
1973 1541
1973 681
1973 1072
1974 684
1974 695
1974 1395
1974 1407
1975 720
1975 686
1975 799
1975 284
1975 1490
1976 687
1976 968
1976 1644
1976 976
1976 1542
1976 897
1977 1077
1977 696
1978 698
1978 981
1978 1076
1978 1750
1978 1109
1978 739
1979 819
1979 764
1979 700
1979 1079
1980 1043
1980 1573
1980 855
1980 702
1981 704
1981 1580
1981 1077
1981 822
1982 1077
1982 1541
1982 706
1982 1499
1983 711
1983 712
1983 1838
1984 1688
1984 718
1984 765
1984 790
1984 1028
1985 723
1985 722
1985 1672
1985 724
1986 722
1986 1038
1986 958
1987 725
1987 1363
1987 720
1988 880
1988 1710
1988 727
1989 1664
1989 730
1989 981
1990 976
1990 1102
1990 953
1990 736
1991 755
1991 920
1991 737
1991 1675
1991 1515
1991 1690
1992 1434
1992 738
1992 807
1992 1581
1993 739
1993 739
1993 739
1993 739
1994 739
1994 739
1994 739
1994 739
1994 739
1994 739
1995 739
1995 739
1995 739
1995 739
1996 739
1996 739
1996 739
1996 739
1997 1590
1997 1083
1997 739
1997 739
1998 758
1998 1133
1998 1109
1998 739
1999 794
1999 1640
1999 739
1999 258
2000 739
2000 739
2000 739
2001 753
2001 885
2001 739
2001 739
2002 1191
2002 739
2002 739
2003 739
2003 93
2003 739
2004 987
2004 739
2004 739
2005 739
2005 1747
2005 1801
2005 1087
2005 1100
2005 941
2005 1818
2006 739
2006 739
2006 739
2006 739
2007 739
2007 739
2007 739
2007 739
2008 739
2008 739
2008 739
2008 739
2008 739
2008 739
2009 739
2009 739
2009 739
2009 739
2010 739
2010 739
2010 739
2010 739
2011 739
2011 739
2011 739
2011 739
2011 739
2011 739
2011 739
2011 1655
2012 739
2012 739
2012 739
2012 739
2012 739
2013 739
2013 739
2013 739
2013 739
2014 739
2014 94
2014 739
2014 739
2015 739
2015 739
2015 739
2016 739
2016 739
2016 739
2016 739
2017 1200
2017 1201
2017 739
2017 739
2018 1318
2018 740
2019 1512
2019 1501
2019 745
2019 1603
2019 794
2019 913
2020 1071
2020 1715
2020 986
2020 748
2020 1689
2021 763
2021 748
2021 921
2021 993
2021 1072
2022 1701
2022 1008
2022 848
2022 749
2023 862
2023 752
2023 1013
2023 1079
2024 768
2024 819
2024 938
2024 752
2024 895
2024 1100
2025 754
2025 1062
2025 260
2025 1524
2025 1844
2026 755
2026 1350
2026 608
2026 838
2026 1038
2027 757
2027 1661
2027 1086
2027 1835
2027 1166
2028 760
2028 872
2028 914
2028 1833
2029 767
2029 831
2029 1410
2029 1019
2030 833
2030 770
2030 862
2031 773
2031 1840
2032 784
2032 1568
2032 781
2032 780
2033 814
2033 783
2033 983
2033 1753
2034 894
2034 792
2034 810
2034 784
2035 784
2035 1011
2035 792
2035 1119
2036 784
2036 1069
2036 969
2036 1074
2036 1151
2036 1170
2037 784
2037 992
2037 784
2037 784
2038 785
2038 1563
2038 796
2038 1591
2039 930
2039 1044
2039 785
2039 482
2040 792
2040 1662
2040 867
2040 1773
2041 800
2041 991
2041 1127
2041 943
2042 1768
2042 802
2042 1118
2042 1800
2043 805
2043 1716
2044 180
2044 223
2044 806
2044 1110
2045 806
2045 806
2045 1634
2046 813
2046 841
2046 1025
2046 808
2047 1232
2047 815
2047 815
2047 815
2048 815
2048 815
2048 815
2048 815
2049 815
2049 815
2049 815
2049 815
2050 816
2050 839
2050 871
2050 1100
2051 817
2051 1854
2052 168
2052 819
2052 850
2052 981
2052 1013
2053 862
2053 819
2053 863
2053 1617
2053 1606
2053 1013
2053 1072
2054 824
2054 1077
2054 1035
2054 1807
2055 1664
2055 981
2055 825
2055 1752
2056 1649
2056 825
2056 1796
2056 962
2057 1400
2057 828
2057 843
2057 1096
2058 1605
2058 829
2059 832
2059 853
2059 1483
2059 1559
2060 937
2060 836
2060 925
2061 838
2061 1375
2061 1725
2062 1061
2062 1061
2062 1776
2062 838
2063 840
2063 982
2064 840
2064 1261
2065 842
2065 955
2065 578
2065 1138
2066 1384
2066 845
2066 1009
2066 1557
2067 895
2067 1155
2067 847
2067 962
2068 848
2068 851
2068 1762
2068 1013
2069 850
2069 898
2069 1746
2069 1013
2069 1079
2069 1807
2069 1153
2069 298
2070 944
2070 852
2070 1021
2071 1362
2071 1396
2071 857
2071 1463
2072 878
2072 1045
2072 857
2072 1657
2072 513
2073 879
2073 1713
2073 857
2073 1699
2073 1772
2073 1065
2073 1706
2073 937
2073 956
2074 857
2074 1563
2074 865
2074 961
2074 1632
2075 857
2075 882
2075 1034
2075 1133
2076 1718
2076 926
2076 866
2077 869
2077 1637
2077 1828
2077 1658
2078 873
2078 1837
2078 1558
2078 1041
2079 1316
2079 1537
2079 875
2079 1020
2080 1215
2080 879
2080 1653
2080 1699
2081 882
2081 1635
2081 879
2081 1262
2082 1128
2082 880
2082 1037
2082 973
2082 974
2083 927
2083 880
2083 1846
2084 880
2084 1140
2084 1847
2084 1850
2084 1162
2085 881
2085 1589
2085 1158
2085 1730
2086 882
2086 961
2086 1636
2086 1708
2087 1287
2087 889
2087 1497
2088 892
2088 1436
2089 895
2089 1029
2089 1830
2089 1116
2089 1146
2089 1697
2090 1060
2090 901
2090 1045
2090 1514
2091 1070
2091 911
2092 1602
2092 723
2092 920
2092 1522
2092 1853
2092 1690
2093 1851
2093 1737
2093 1831
2093 925
2094 935
2094 1050
2095 1703
2095 939
2095 1702
2095 990
2095 1724
2096 1277
2096 1560
2096 1125
2096 940
2096 1136
2097 941
2097 1797
2097 973
2097 974
2098 1427
2098 943
2098 1044
2099 1012
2099 1093
2099 1154
2099 950
2100 951
2100 1436
2100 1442
2100 1669
2101 953
2101 562
2102 954
2102 1168
2102 1278
2102 997
2103 1042
2103 959
2103 1157
2103 1444
2104 1039
2104 963
2104 1565
2104 1092
2105 1340
2105 1570
2105 964
2105 1571
2106 1259
2106 1243
2106 970
2107 1817
2107 1145
2107 973
2107 1665
2108 989
2108 989
2108 989
2108 989
2109 1011
2109 997
2109 1140
2110 1646
2110 1047
2110 998
2111 1644
2111 1002
2111 1569
2111 1480
2112 1502
2112 1509
2112 1487
2112 1012
2112 824
2113 1810
2113 1811
2113 1812
2113 1014
2113 1774
2113 1036
2114 1344
2114 1347
2114 1423
2114 1763
2114 1022
2115 1022
2115 1344
2115 1345
2115 1347
2115 1763
2116 1030
2116 1452
2116 657
2116 1613
2116 1788
2116 1815
2117 1756
2117 1042
2117 1721
2118 1601
2118 1049
2118 1061
2119 1510
2119 1511
2119 1300
2119 1431
2119 1050
2120 1150
2120 1791
2120 1057
2121 1135
2121 1795
2121 1678
2121 1060
2121 937
2122 1248
2122 558
2122 1060
2122 923
2123 1088
2123 1114
2123 1060
2124 1066
2125 1832
2125 1067
2125 266
2126 818
2126 1137
2126 1068
2126 1757
2127 1079
2127 986
2127 632
2127 1084
2128 1085
2128 1085
2128 1085
2128 1085
2128 1085
2128 1085
2128 1085
2128 1085
2128 1085
2128 1085
2128 1085
2129 1085
2129 1085
2129 1085
2129 1085
2129 1085
2129 1085
2129 1085
2129 1085
2129 1085
2129 1085
2130 1085
2131 1179
2131 1417
2131 1089
2132 1097
2132 1809
2132 1805
2133 1097
2133 1805
2133 1809
2134 1648
2134 1104
2135 1759
2135 1116
2135 1598
2135 1304
2136 1779
2136 1130
2137 1405
2137 1134
2138 1134
2138 1727
2138 1729
2138 1732
2138 1734
2138 1735
2139 1158
2140 1217
2140 333
2140 1813
2141 1230
2142 1377
2142 1256
2143 1275
2143 1424
2143 1677
2144 1301
2144 901
2145 1302
2146 1319
2146 1321
2147 1330
2148 1355
2149 1364
2150 1379
2150 1520
2151 1394
2152 1413
2152 1758
2153 1454
2154 1492
2154 1456
2155 1458
2155 1574
2155 1585
2155 1599
2156 1460
2157 1517
2158 1521
2158 1739
2158 1741
2159 1528
2160 1596
2160 1568
2161 1766
2161 1609
2162 1784
2162 1628
2163 1679
2164 1680
2165 1685
2165 1754
2165 1052
2165 931
2166 1694
2167 1699
2167 1705
2167 1707
2167 1708
2168 952
2168 1770
2168 1771
2169 1825
2169 1826
2169 1827
2169 1828
2169 1829
